	B cells naive	B cells memory	Plasma cells	T cells CD8	T cells CD4 naive	T cells CD4 memory resting	T cells CD4 memory activated	T cells follicular helper	T cells regulatory (Tregs)	T cells gamma delta	NK cells resting	NK cells activated	Monocytes	Macrophages M0	Macrophages M1	Macrophages M2	Dendritic cells resting	Dendritic cells activated	Mast cells resting	Mast cells activated	Eosinophils	Neutrophils	P-value	Correlation	RMSE
TCGA-06-2565-01	0.005072175	0	0	0	0	0.193787673	0	0.011769168	0.005274409	0	0	0.056381393	0.008450874	0.043108843	0.071554329	0.558773255	0	0	0.042106849	0	0.003721032	0	0.14	0.079375971	1.075622402
TCGA-28-5208-01	0.003432812	0.000509367	0.000499327	0	0	0.059541147	0	0.043217411	0.003810715	0.019780607	0	0.052011646	0.175364414	0.057418876	0.011508572	0.441381124	0	0	0.121423297	0	0	0.010100686	0.02	0.135642073	1.042003607
TCGA-27-1834-01	0	0.005337125	0	0.031777719	0	0.12223507	0	0.021000208	0	0	0	0.027281017	0.281719771	0	0.114913373	0.265902555	0	0.001187008	0.064609742	0	0.064036414	0	0	0.182857129	1.015769526
TCGA-14-0817-01	0.001405653	0.000815502	0	0	0	0.058628344	0	0.010938514	0.00125572	0.035909361	0	0.024526305	0.189537431	0.059736748	0.029686817	0.485128776	0	0	0	0.089281805	0.005409441	0.007739582	0.02	0.149413178	1.049915716
TCGA-02-2486-01	0.033117745	0	0.001596148	0.084748534	0	0.1289431	0.013198333	0	0.003905374	0	0.00343289	0	0.320519516	0.025927893	0.061811252	0.234436967	0	0.014380352	0.021243829	0	0.010700226	0.042037839	0.2	0.055624992	1.071180976
TCGA-19-0957-02	0.001626797	0.001183156	0	0.077820942	0	0.10344907	0.012739727	0	0.006324959	0	0.059488516	0.008833874	0.135905731	0	0.001503961	0.544519429	0	0	0.037077072	0	0.001421662	0.008105103	0.2	0.049729816	1.085048784
TCGA-06-5859-01	0.033939582	0	0.001061059	0.022258801	0	0.154822024	0	0.000991711	0	0.020485982	0	0.0107858	0.191394877	0	0.032025572	0.515064562	0	0	0	0.01392117	0	0.003248859	0.02	0.134531323	1.048542376
TCGA-76-4925-01	0.006686732	0	0	0.052490137	0	0.018272933	0	0.002606636	0	0	0.029386574	0	0.107962903	0.362636278	0.030663669	0.343715697	0	0	0	0	0.022087832	0.023490608	0.04	0.124936527	1.085978182
TCGA-14-2554-01	0.003262999	0.000116963	0.000108469	0	0	0.27883941	0.00515592	0.00059338	0	0	0.081750323	0.006139434	0.188030468	0	0.00793726	0.385845831	0	0.003598377	0	0.011650374	0.017040151	0.009930642	0.26	0.034783935	1.078709425
TCGA-06-2558-01	0.004172694	0.001082024	0	0.017340804	0	0.072908076	0	0.003823157	0	0	0.01999707	0.007178166	0.122144707	0.198285166	0.011617567	0.43900855	0	0	0.025531851	0	0.042614605	0.034295564	0	0.245398956	1.006331771
TCGA-06-0211-01	0.024028242	0	0	0	0	0.069138086	0	0.007095673	0	0	0.040133738	0	0.028685625	0.2842506	0.022584018	0.489979814	0	0	0.024119202	0	0	0.009985001	0	0.213029309	1.037316177
TCGA-32-4213-01	0.003735423	0	0	0.01530684	0	0.135477977	0.001703347	0.014992274	0.004285925	0	0.003123381	0	0.117638034	0.10990894	0.099085596	0.43395768	0	0	0.045796365	0	0	0.014988219	0.12	0.086728413	1.069945905
TCGA-14-1034-01	0.014642143	0	0	0.029058183	0	0.11083755	0	0.000969323	0	0	0.004742202	0.003931028	0.372913921	0.051408841	0.027589942	0.34164449	0	0	0.015224439	0	0.002042544	0.024995395	0.2	0.053740265	1.093018492
TCGA-27-2526-01	0	0.020042174	0	0.225125877	0	0.035488706	0	0.021870682	0	0	0	0.081091582	0.047992749	0	0.102526727	0.317756213	0.011003657	0	0.12258323	0	0.011278206	0.003240197	0.14	0.079645647	1.056457481
TCGA-28-1753-01	0	0.000976553	0	0.004484916	0	0.013416717	0	0.011503766	0	0.006841258	0	0.010734569	0	0.505725612	0.017841016	0.425330174	0	0	0.001121621	0.002023799	0	0	0	0.610584307	0.79633132
TCGA-06-0130-01	0.010480006	0	0.001044048	0.011697455	0	0.171254897	0	0	0.002513388	0.042954623	0	0.028776315	0.166640895	0.002006372	0.113354343	0.416367801	0.009758944	0	0.018311944	0	0.00043227	0.004406698	0	0.412371604	0.911503991
TCGA-32-1982-01	0.019872951	0	0.001965368	0.036618595	0	0.145295577	0	0.023480289	0	0.023377167	0	0.079242275	0.147231708	0	0.036025906	0.352104786	0	0	0	0.069601303	0.044081487	0.02110259	0.2	0.050436031	1.069055972
TCGA-32-2632-01	0	0.029977486	0	0.024001405	0	0.13679488	0	0	0.0134117	0.023888267	0	0.06408375	0.149290968	0	0.050395644	0.402775224	0.000114688	0	0.096035383	0	0.003183273	0.006047331	0.2	0.046220339	1.067718845
TCGA-06-2559-01	0	0	0.001332676	0.019896037	0	0.054913687	0	0.014547911	0.013980531	0	0.020986778	0.016363399	0.007446245	0.382935766	0.015094756	0.440655529	0	0	0	0	0	0.011846686	0	0.179390711	1.070633579
TCGA-19-2620-01	0.002038295	0.004569949	0	0.052599828	0	0.184283447	0	0.011255263	0	0	0	0.120366929	0.167882353	0.011656374	0.006020902	0.174520804	0	0	0	0.127668517	0.111180008	0.025957331	0.48	0.007496769	1.093314315
TCGA-41-2572-01	0.00452951	0	0	0.010713003	0	0.131934512	0	0.001120295	0.00109631	0	0	0.049963929	0.003269516	0.041340991	0.047802207	0.511560186	0	0	0.134815013	0	0.046581003	0.015273525	0.18	0.060625694	1.074291019
TCGA-06-0190-02	0.00248137	0.004258302	0.000469682	0.045542972	0	0.115169776	0.060692846	0	0.01821399	0.003794036	0	0	0.024054161	0	0.013984609	0.56703429	0	0	0.098001837	0	0.007135507	0.039166621	0.18	0.072443826	1.07044539
TCGA-06-0187-01	0	0.003821197	0	0.063888711	0	0.057398716	0	0.011778979	0.009015832	0	0.050749565	0	0.127198927	0.087589208	0.015744818	0.401438709	0	0.002406846	0	0.094910515	0.008061001	0.065996974	0.18	0.067846276	1.075518288
TCGA-06-0743-01	0.010860628	0	0.000278534	0.067213754	0	0.057181573	0	0.010583556	0	0	0.009673081	0.006906192	0.093115701	0.323553115	0.036954544	0.354827798	0	0	0.022061145	0	0	0.006790379	0	0.209282455	1.030025573
TCGA-19-1787-01	0	0.01219079	0	0.020385002	0	0.098948486	0	0.007105903	0	0	0.023518382	0	0.055462053	0.27709825	0.072816071	0.38421529	0	0	0.043108575	0	0.001159736	0.003991462	0	0.188498619	1.03534238
TCGA-27-2524-01	0.002267494	0	0.002512674	0	0	0.050063414	0.008637676	0.042066797	0.005999853	0.038991271	0.049779048	0	0	0.500794536	0.018972199	0.211773297	0	0	0	0.063906525	0.003648054	0.00058716	0	0.271441084	1.014852295
TCGA-76-4932-01	0	0.004461513	0	0	0	0.125210096	0	0	0.019855851	0	0.001637577	0.044489191	0.295202383	0.028145464	0.025811187	0.402018398	0	0.000646985	0.036672934	0	0.008696257	0.007152163	0.22	0.038639909	1.089633863
TCGA-06-5416-01	0.000845363	0.007412592	0	0.127969444	0	0.006571695	0	0.027657835	0.003208468	0	0.078231287	0	0	0.543505843	0.0201779	0.160423121	0	0	0.015533089	0	0	0.008463364	0	0.260462123	1.023250198
TCGA-06-5408-01	0.008723736	0	0	0	0	0.131628366	0	0.020947811	0	0	0.025259525	0.00241154	0.309472964	0.036953998	0.052064313	0.339390881	0	0	0.035409682	0	0.013185001	0.024552182	0.28	0.031296246	1.089261321
TCGA-06-0686-01	0	0.00726813	0.002826792	0	0	0.106662477	0	0.035740137	0.028935039	0	0.069694598	0	0	0.384710826	0.010225094	0.32806709	0	0	0.01160462	0	0.000248422	0.014016774	0	0.335645458	0.965520954
TCGA-27-2528-01	0.0181193	0	0	0	0	0.092117081	0	0.02405903	0	0	0	0.002109066	0.042804643	0.360597904	0.063630574	0.347676524	0	0	0	0.046876914	0	0.002008965	0	0.197050384	1.045359648
TCGA-26-5139-01	0	0.003657656	0	0	0	0.075443007	0.003040051	0.008142074	0.018320017	0	0.091852773	0	0.034681418	0.25364432	0.018011216	0.42774482	0	0	0	0.054500753	0	0.010961894	0.04	0.120837522	1.071341519
TCGA-06-0744-01	0.002086814	0	0.005615096	0.0433268	0	0.098744471	0	0.038449508	0	0	0	0.032721258	0.213177607	0	0.039416076	0.488093622	0	0	0	0	0.037623037	0.000745712	0.06	0.115573709	1.055957947
TCGA-06-1804-01	0.000984581	0.005340241	0.000707539	0	0	0.095279732	0	0.004189973	0.002449268	0	0	0.006043048	0.018286806	0.163181767	0.19546752	0.213258157	0.015392473	0	0.16306491	0	0	0.116353985	0.16	0.074973775	1.085263705
TCGA-06-2563-01	0.015761828	0	0	0.026080919	0	0.139688254	0	0.026144007	0.011837596	0	0	0.038225182	0.045125588	0.128763225	0.082800754	0.410951414	0	0	0.0345839	0	0	0.040037332	0.04	0.124609621	1.047711499
TCGA-16-1045-01	0.008330542	0	0	0.024698529	0	0.078126409	0.012854238	0	0.009687783	0	0.053546308	0	0.14264509	0	0.01396418	0.580001291	0	0	0.062929178	0	0	0.013216453	0.18	0.069339685	1.082314335
TCGA-02-2485-01	0.030122149	0	0.00074229	0.028872816	0	0.142094963	0	0.090207843	0	0.002484758	0	0.04031039	0.1068354	0.011923395	0.066458983	0.375846569	0	0.004326655	0	0.064995788	0.034778001	0	0.08	0.10961529	1.042220041
TCGA-14-1825-01	0	0.009634248	0	0.019096481	0	0.096792517	0	0.01596286	0.018114586	0	0.075437585	0.024887022	0.081728118	0.237909972	0.021647807	0.283642612	0	0	0.096376891	0	0	0.018769301	0.02	0.156801952	1.03084371
TCGA-06-2562-01	0.000895463	0.009385353	0	0	0	0.065882088	0.001172247	0.012272284	0.039137216	0	0.109438525	0	0.090081958	0.385387299	0.002189689	0.247732279	0	0	0	0.014051236	0	0.022374361	0.02	0.131422851	1.06991078
TCGA-28-2499-01	0.001970907	0.000256918	0	0.080129255	0	0.113465256	0	0.006541638	0.026162925	0	0.065270951	0.001799062	0.061157102	0	0.02266124	0.457450235	0	0	0.128270081	0	0.01969159	0.015172839	0.2	0.047132037	1.068441394
TCGA-14-1034-02	0	0.021211532	0.002167183	0	0.019154735	0.248344182	0	0.026956106	0.032125556	0	0.134331449	0.018940027	0.078792089	0.07289666	0	0.252271802	0.001889104	0	0.043230683	0	0	0.047688892	0.22	0.038261339	1.071939053
TCGA-06-0132-01	0.013248054	0	0	0.009933654	0	0.054799545	0.009228176	0	0.002834939	0	0.00461948	0	0.250415074	0	0.038695058	0.581612013	0	0	0.020944038	0	0	0.013669968	0	0.196137263	1.037987422
TCGA-27-2523-01	0	0.008961715	0.002145577	0	0	0.126323747	0	0.024670648	0.009212555	0.030651389	0	0.022493782	0	0.416759545	0.001236266	0.343055987	0	0	0.009816145	0	0	0.004672645	0	0.206363556	1.04611129
TCGA-15-1444-01	0.005162953	0	0.003280803	0	0	0.219839518	0	0.019150698	0.003418737	0	0	0.113965499	0.176893641	0	0.003591301	0.199335748	0	0.003208105	0	0.141399276	0.083115955	0.027637767	0	0.172525596	1.022340188
TCGA-06-0749-01	0	0.040265525	0	0.023458454	0	0.139941147	0	0.024294111	0	0	0	0.078520917	0.113379181	0.19306141	0.001217315	0.302517171	0	0	0	0.025976442	0.050736574	0.006631754	0	0.176727016	1.022476
TCGA-06-0156-01	0.001766481	0.004655806	0	0.06335433	0	0.069254991	0.009045152	0	0.008678157	0	0.118066895	0	0.088766298	0.033701754	0.019184982	0.419372009	0	0.000979987	0	0.128819316	0.00097926	0.033374582	0.14	0.077329944	1.067753897
TCGA-14-1402-02	0	0	0.010491558	0.083430273	0	0.115037454	0	0.02155724	0	0.031666485	0	0.034335316	0.229973923	0	0.044833646	0.409078048	0	0	0	0.004768403	0	0.014827654	0.04	0.12423336	1.046270309
TCGA-06-0152-02	0.007664548	0	0.000437709	0.020144876	0	0.210062309	0.001445939	0.012778318	0.02871072	0	0	0.034003134	0.013877403	0.245650613	0.140074478	0.224918237	0.004985918	0	0.048310129	0	0	0.006935669	0.02	0.139295554	1.045190023
TCGA-06-0211-02	0.008374815	0.001794317	0.000358769	0.010814475	0	0.050116871	0.008661827	0	0.020888533	0	0.052588495	0	0.109596589	0.279001763	0.016153417	0.343885597	0	0	0	0.06154963	0.010847871	0.025367032	0.02	0.14022336	1.059793414
TCGA-28-2513-01	0.000762215	0	0.001071001	0	0	0.108766144	0	0	0.012551909	0.021039835	0	0.020215441	0.121957828	0	0.08981206	0.525222576	0	0.006501562	0.071448762	0	0.010194137	0.010456529	0.2	0.048352155	1.086918855
TCGA-02-0055-01	0	0.003734673	0.000877	0.011091002	0	0.175675353	0.012317007	0	0	0	0	0.043157934	0.336765337	0.031318515	0.012230122	0.261991798	0	0.036160486	0	0.03661092	0	0.038069854	0.04	0.128000676	1.045270594
TCGA-28-5218-01	0.040455476	0	0.001155919	0.176068102	0	0.014224244	0.035373538	0.022859184	0.031416858	0	0.019510625	0	0.021224883	0.315002061	0.030338078	0.275361787	0	0	0.005457571	0	0	0.011551672	0	0.337298901	0.95309316
TCGA-06-5856-01	0.00333719	0	0.006144573	0	0	0.053576543	0.00534928	0.004289833	0.003379611	0.009591526	0	0.041829691	0.057216785	0	0.010072251	0.638973695	0	0	0.130932061	0	0	0.03530696	0.18	0.065966503	1.09307267
TCGA-32-1970-01	0.002760675	0	0	0.031888197	0	0.117459714	0	0	0.012353918	0	0.009995666	0.028360527	0.066755219	0	0.019486442	0.445378681	0	0.001281493	0.17350131	0	0.062708074	0.028070084	0.18	0.062880037	1.063809801
TCGA-27-1830-01	0.015609922	0	0.001577243	0.026870163	0	0.005494522	0	0.023238351	0.000321749	0.011371236	0	0.02895276	0.014886676	0.325055434	0.022588688	0.278964761	0	0	0	0.170222178	0.040396148	0.03445017	0	0.234480817	1.023327848
TCGA-28-1747-01	0.001972506	0	0.00049869	0.046524987	0	0.193753741	0	0	0.009635469	0	0.006779195	0.05137044	0.278984943	0	0.057715283	0.236215756	0	0.007987332	0.065813914	0	0.037003381	0.005744363	0.1	0.096853333	1.046160347
TCGA-32-2615-01	0	0	0.001618838	0.045091751	0	0.154333193	0	0.019178778	0	0	0	0.029099796	0.231018397	0.035457898	0.037352809	0.319596902	0	0.012513898	0	0.033240046	0.050684644	0.03081305	0.2	0.038903563	1.076149791
TCGA-06-0125-02	0	0	0.00460166	0.113646514	0	0.033496766	0	0.03636181	0.011860798	0	0.050087421	0.024131755	0.175567452	0.131383536	0.03617674	0.288163789	0.003982731	0	0.042357331	0	0.023421697	0.02476	0.16	0.074116957	1.059580867
TCGA-26-1442-01	0	0.012613864	0.003819261	0.032454389	0	0.090817485	0	0.011067093	0.017444517	0	0.056772419	0.051629131	0.174909105	0	0.021995265	0.259014368	0.002558736	0	0.25353713	0	0.010782379	0.000584858	0.18	0.06700376	1.057031015
TCGA-06-0210-02	0.02277836	0.003317064	0	0.062726913	0	0.042881476	0.021278016	0	0.046350159	0	0.019711829	0	0.16915399	0.10963436	0.01408435	0.457528253	0	0	0.002917422	0	0	0.027637809	0.02	0.133511537	1.051342096
TCGA-06-0221-02	0	0	0.005817188	0	0.053023008	0.110013802	0	0	0.008175433	0	0	0.063808565	0.07635239	0	0.059323019	0.405303089	0.006691826	0	0.169622849	0	0	0.041868832	0.28	0.027973622	1.075085961
TCGA-06-5858-01	0	0.001878201	0	0	0	0.067203686	0	0.012731653	0.005543579	0.016355159	0	0.013187582	0.123736031	0.271823849	0.028449562	0.381101615	0	0	0	0.047468278	0.005325702	0.025195101	0	0.228258258	1.021021831
TCGA-76-4929-01	0	0.032859152	0	0.042431547	0	0.026040463	0	0.006815103	0.024689853	0	0	0.016542359	0.043015608	0.241074603	0.004145465	0.41203654	0	0	0.120459025	0	0.016292859	0.013597423	0.04	0.120434377	1.06297503
TCGA-41-4097-01	0.035792035	0	0	0.040035995	0	0.120576983	0	0.007485929	0	0	0.038653296	0	0.244948567	0	0.026131722	0.462447246	0	0	0.00900676	0	0	0.014921467	0.2	0.042696415	1.08688779
TCGA-12-3650-01	0	0.001841211	0	0	0	0.110230515	0	0.009346989	0	0	0.015229644	0.015998106	0.062008878	0.08909819	0.005573542	0.575326134	0	0	0.105858164	0	0	0.009488627	0	0.168743139	1.041769316
TCGA-76-4926-01	0	0.005011437	0.00029837	0.050347201	0	0.063258611	0	0.010763691	0.02245599	0	0	0.016305942	0.256472956	0.020695299	0.007603789	0.363172908	0	0	0.149413691	0	0.017197796	0.01700232	0.14	0.078551194	1.062536013
TCGA-06-0168-01	0.004435198	0	0	0.01437867	0	0.094885121	0	0.002248082	0.005995166	0	0.034898406	0	0.206809055	0.166324055	0.051125284	0.399947829	0	0	0.006699076	0	0	0.012254058	0.14	0.082807086	1.080133888
TCGA-06-0129-01	0.038467672	0	0.0028291	0.001932924	0	0.048350512	0	0.019056431	0	0	0	0.030826887	0.182326815	0	0.032300047	0.572388165	0	0	0	0.042490514	0.029030932	0	0	0.240549404	1.006836592
TCGA-19-4065-02	0	0	0.002032878	0.053112129	0	0.041627427	0	0.031203674	0	0	0	0.034885071	0.173629323	0.217092625	0.031044763	0.403918746	0	0	0.011274378	0	0	0.000178988	0.06	0.115345545	1.069189216
TCGA-06-0750-01	0.002407374	0.000932464	0.001049538	0.045769673	0	0.104691282	0	0.011284551	0.005416602	0	0	0.048706286	0.115180201	0.140842692	0.074258239	0.372588682	0	0	0	0.00300311	0.010700067	0.063169241	0.14	0.082478403	1.071291199
TCGA-14-0736-02	0.037904603	0	0.11949591	0.098672102	0	0.086672396	0.009374631	0	0	0	0	0.012066392	0.089627467	0	0.051349609	0.466039488	0.001457663	0	0.015863669	0	0.001132963	0.010343104	0	0.245690174	0.989464034
TCGA-14-0789-01	0	0.005845731	0	0.030171609	0	0.095375015	0	0.007194411	0.037330999	0	0.156490673	0	0.070979324	0.270777519	0.004182592	0.172382103	0	0	0	0.130995446	0.001591821	0.016682757	0.1	0.097878945	1.066470225
TCGA-06-0649-01	0.035174893	0	0.022184644	0.0308501	0	0.051259173	0	0.018598908	0	0.014419702	0	0.019855988	0.267870021	0	0.008929319	0.512695877	0	0	0	0.015967443	0	0.002193932	0	0.22842395	1.010571164
TCGA-06-2564-01	0.001400806	0.004725686	0	0.05098109	0	0.188523665	0	0.008369014	0.01148952	0	0.081618161	0.033617684	0.14656559	0.123666325	0.002676419	0.21117592	0.0025104	0	0.097693962	0	0.006312418	0.02867334	0.18	0.072275877	1.054302945
TCGA-26-5136-01	0.018271347	0	0.001211187	0.007028878	0	0.207399222	0.009370133	0.003512694	0	0.001320918	0	0.008585195	0.315186528	0	0.057579504	0.331417563	0	0	0.037856346	0	0	0.001260485	0.2	0.054200099	1.073898279
TCGA-06-5413-01	0.023655755	0	0	0.043441381	0	0.112095987	0.003936585	0	0	0	0.011185894	0	0.082031064	0	0.010042843	0.623503	0	0.000697987	0.042334611	0	0.004844101	0.042230793	0	0.20242078	1.024418476
TCGA-06-5418-01	0	0.002343238	0	0	0	0.115764448	0	0.00322265	0	0	0.033323291	0.02158051	0.213855945	0.076383657	0	0.479083628	0	0.002975221	0.006793464	0	0.004544569	0.040129378	0.18	0.065751521	1.090230072
TCGA-27-1832-01	0.000535388	0.003599058	0.001515944	0.017274244	0	0.126464153	0.004561961	0	0.005107565	0.058305511	0	0	0.314263171	0	0.032277783	0.325182219	0	0	0.104480976	0	0	0.006432028	0.36	0.022334512	1.086162255
TCGA-26-5132-01	0.00076819	0.022359939	0	0	0	0.08114441	0.039741645	0.017545565	0.00586706	0	0.031552796	0.007525382	0.009009647	0.242450478	0.009614743	0.425877427	0	0	0.084797684	0	0.01212655	0.009618486	0.02	0.148720741	1.048167973
TCGA-06-0157-01	0.003991593	0	0	0.034262264	0	0.164417293	0	0	0	0	0.018303228	0	0.125590538	0.098656344	0.048201004	0.452530592	0	0	0.030019323	0	0	0.024027822	0.14	0.081160939	1.07011976
TCGA-06-2561-01	0	0.003720303	0	0.067667768	0	0.051596717	0.007602983	0	0.006606832	0	0	0	0.358863877	0.022335041	0.004483276	0.38644749	0	0	0.070528579	0	0	0.020147136	0.2	0.051696562	1.092998368
TCGA-02-0047-01	0.000816584	0.003764175	0.000976056	0	0	0.162241243	0.005635987	0.018108045	0.019034098	0	0.05136131	0.000723416	0.026604383	0.297859425	0.010882327	0.389888731	0	0	0.001392027	0	0	0.010712193	0	0.459239846	0.890685004
TCGA-28-5207-01	0.000603443	0.001028879	0.000644182	0	0	0.238306095	0	0.024353226	0	0	0	0.098265926	0.071201961	0	0.061410071	0.305643054	0.003475652	0	0	0.066516922	0.110253353	0.018297236	0.04	0.122053523	1.038665927
TCGA-19-4065-01	0	0.092852296	0	0	0	0.091233056	0	0.014139794	0	0.015885497	0	0.023875511	0.246740805	0	0.008670351	0.475462037	0.0049382	0	0	0.005287303	0.010418735	0.010496416	0.18	0.06586674	1.08041565
TCGA-12-3652-01	0.035776077	0	0.003924779	0.112783384	0	0.146192441	0.00287123	0.017837236	0	0.02482615	0.002562117	0	0.00605882	0.067234239	0.053280186	0.486064627	0	0	0.000147692	0	0.04044102	0	0.18	0.06943845	1.071499037
TCGA-28-2514-01	0.008623574	0	0	0	0.009527632	0.241663658	0	0.011275907	0.033344493	0	0.102901106	0.020954098	0.051130807	0.215707404	0.027216076	0.220704063	0	0	0.01431632	0	0.002330063	0.040304801	0.12	0.093714341	1.057036797
TCGA-19-1389-02	0	0.022446567	0	0	0	0.152089507	0.010012926	0.005418488	0	0.006243034	0	0	0.228362098	0.053751741	0.02209987	0.412462415	0	0	0	0.030448883	0.039159193	0.017505278	0.18	0.056476485	1.079926057
TCGA-12-0616-01	0.032416283	0	0.002745387	0.182704096	0	0.110321994	0.001353182	0.02107145	0	0	0	0	0.170904933	0	0.07453632	0.343885295	0	0	0.030851523	0	0.022805938	0.006403601	0.02	0.151303363	1.024971968
TCGA-14-1823-01	0	0.024722831	0	0	0	0.178637622	0	0	0.015947973	0	0.076368397	0	0.244634837	0.005758395	0.030540823	0.36487731	0	0	0	0.034137707	0	0.024374105	0.26	0.034225554	1.079440848
TCGA-06-0219-01	0	0	0	0.009294424	0	0.119136198	0	0.005932821	0	0.026659854	0	0.04288919	0.219908612	0	0.107266107	0.395568685	0	0	0	0.033997237	0.027559938	0.011786935	0.08	0.102323378	1.060188265
TCGA-14-0871-01	0	0	0	0	0	0.385270828	0	0.069080281	0	0	0	0.081602043	0.035020802	0.20459187	0.030463659	0.086712926	0	0	0.107257591	0	0	0	0.16	0.074411193	1.067035102
TCGA-76-4927-01	0.002923304	0.002862677	0	0.04091771	0	0.129080186	0	0.00534869	0.030761239	0	0.06667969	0.010160695	0.147129534	0.08447765	0.018559277	0.409271939	0	0	0.030393194	0	0	0.021434216	0.14	0.07772304	1.063980052
TCGA-06-5417-01	0	0	0.000389788	0	0.021123691	0.069196847	0	0.008751729	0	0	0.00780709	0.009726945	0.060779985	0	0.0017234	0.622597832	0	0	0.174869153	0	0	0.023033539	0.14	0.085678781	1.082242664
TCGA-06-0190-01	0.003504009	0	0.00413132	0	0	0.033896602	0	0.036216623	0.008868142	0.063506799	0	0.020746356	0	0.372472607	0.00886623	0.307141172	0	0	0	0.103135048	0.000949828	0.036565263	0.02	0.14660788	1.072395764
TCGA-26-5135-01	0.042773063	0	0	0.033942529	0	0.069719823	0	0.007759205	0.068599284	0	0.066643572	0	0.016919194	0.413990326	0.014941976	0.200260815	0	0	0	0.037293883	0.023177212	0.003979119	0	0.208537711	1.027137389
TCGA-28-5220-01	0.002021542	0	0	0.01876525	0	0.096932705	0	0	0.00249412	0	0	0.007330921	0.251895982	0	0.045941937	0.447479456	0	0	0.114284078	0	0	0.012854009	0	0.242216305	0.997042535
TCGA-06-0125-01	0	0	0	0.03455505	0	0.010380146	0	0.041126961	0	0	0.046480946	0	0.078348667	0.350561207	0.043367053	0.337411016	0	0	0.017293931	0	0.016979803	0.02349522	0.04	0.123592479	1.078942646
TCGA-06-0210-01	0	0.012034918	0	0	0	0.115732588	0.017525745	0	0	0	0.081363993	0	0.281970211	0	0	0.392006802	0	7.89E-05	0	0	0	0.099286853	0.2	0.051147632	1.092899846
TCGA-28-5216-01	0	0.019311939	0	0.041039535	0	0.179305833	0	0.014259358	0.017274635	0	0.082267194	0.017000113	0.122416911	0.078086804	0.009002319	0.288018273	0	0	0	0.048913827	0.072475813	0.010627445	0.16	0.07329314	1.054883103
TCGA-19-2619-01	0.006469674	0.00827326	0.004745009	0	0	0.186206326	0.004418289	0.020210011	0.026057158	0	0.105147401	0.008407819	0.16117385	0.189615843	0.0031564	0.164601328	0	0	0	0.068172754	0.007642546	0.035702333	0.18	0.072321733	1.060629052
TCGA-06-0211-01	0.000586329	0	0.002028449	0	0	0.080228406	0.002286054	0	0.013732428	0.011070408	0.000860823	0	0	0.456650512	0.001992491	0.377934171	0	0	0.022822083	0	0	0.029807846	0	0.206455784	1.065404933
TCGA-27-1835-01	0.018407244	0	0	0.022164813	0	0.028110867	0	0.047913966	0.020962645	0.006121944	0	0.071664792	0	0.282595809	0.070860354	0.389750465	0	0	0.034529376	0	0	0.006917725	0.14	0.078291386	1.08999704
TCGA-06-2557-01	0.040501905	0	0.001215372	0.03510405	0	0.083228166	0	0.023778473	0	0.031321632	0	0.054377007	0.198206732	0	0.071360763	0.43227163	0	0	0	0.023561779	0.002955136	0.002117355	0	0.230646343	0.998711855
TCGA-06-0141-01	0.004830959	0	0	0.015485622	0	0.069114389	0	0	0	0	0.035387535	0	0.19487876	0.086950022	0.007999467	0.535085821	0	0	0.01831191	0	0	0.031955516	0.02	0.137871562	1.064192009
TCGA-26-5133-01	0	0.021994136	0.005041968	0.183282307	0	0.063620027	0	0	0.026446225	0	0.025921115	0.016554646	0.03830369	0.069958813	0.012083929	0.379699421	0	0	0.154426468	0	0.002667256	0	0.18	0.063885806	1.059918357
TCGA-12-0618-01	0	0.000727828	0.000163656	0	0	0.165064326	0.001752318	0.061302632	0.000628688	0	0.14526095	0.001837542	0.11649382	0.075282873	0	0.284733853	0	0	0.092385254	0	0.002547795	0.051818465	0.26	0.034192155	1.070416443
TCGA-19-5960-01	0.007656857	0	0.003623457	0.021424756	0	0.117510583	0	0.088198513	0	0.016408959	0	0.03395181	0.127690496	0.006039851	0.057436588	0.427723687	0	0	0	0.070283399	0.022051044	0	0.32	0.025186078	1.082529966
TCGA-06-5410-01	0.010135873	0.00087396	0.000974335	0.021611264	0	0.034793802	0.027861344	0	0.021294232	0	0.060094712	0	0.180470486	0	0.008315182	0.572650429	0.004108993	0	0	0.009326778	0.014918775	0.032569834	0.02	0.144147684	1.054251015
TCGA-12-5295-01	0.014921191	0	0.000931138	0.071593839	0	0.144657926	0	0	0	0.01688959	0.004660354	0	0.090003883	0	0.032137652	0.569910693	0	0	0.041051928	0	0.012797726	0.000444079	0.16	0.075306415	1.074196236
TCGA-12-1597-01	0.015966638	0	0.002853401	0	0	0.106901058	0	0.003998614	0	0	0	0.05201266	0.183911502	0	0.017106118	0.582401396	0	0	0	0.022768695	0.00187537	0.010204547	0	0.175507243	1.040148002
TCGA-06-0158-01	0	0.033485279	0	0	0	0.130334071	0	0.01796262	0.026411144	0	0.035782017	0.008505674	0.027784047	0.363102985	0.009381261	0.315919011	0	0	0.006408342	0	0.003791493	0.021132057	0.02	0.157720189	1.056032167
TCGA-28-2509-01	0	0.006778654	0.005816059	0	0	0.151674719	0	0.008636876	0	0	0.064872121	0.011189762	0.259614205	0	0.000170333	0.299011788	0.004857268	0.0046981	0.160368886	0	0.014642026	0.007669202	0.4	0.011451358	1.080182557
TCGA-41-5651-01	0.011629541	0	0.003071682	0	0	0.127729041	0	0.027553524	0	0	0.063842679	0	0.004077579	0.428005334	0.012195106	0.314547333	0	0	0.007348181	0	0	0	0.02	0.140012912	1.079403651
TCGA-06-0184-01	0	0	0	0.012770157	0	0.085313054	0	0.011371212	0	0	0	0.060915792	0.215923896	0	0.040851538	0.521995033	0	0	0	0.017986586	0.012555809	0.020316922	0.18	0.058637548	1.091892463
TCGA-06-2569-01	0.024747434	0	0.002284565	0.291015059	0	0.011301268	0	0.018548543	0.025057947	0	0	0.027480185	0.004168097	0.209524402	0.003305642	0.361915276	0	0	0.012341184	0	0	0.008310397	0.14	0.080154678	1.076065452
TCGA-06-2567-01	0	0.001717872	0	0.000261998	0	0.138699134	0	0.024842073	0	0	0	0.072983829	0.310225963	0.024504123	0.030498911	0.265601693	0	0	0	0.012605486	0.015268836	0.102790081	0.02	0.15232785	1.041881062
TCGA-06-0747-01	0	0.012759905	0.003758748	0.079666651	0	0.089402604	0	0.057568373	0.00478874	0	0.028451046	0.016753954	0.09204857	0	0.011593757	0.455640631	2.38E-05	0.008223242	0	0.051409425	0	0.087910535	0.28	0.031243072	1.084440841
TCGA-12-3653-01	0	0.001934083	0	0	0	0.20883434	0	0	0	0.012170188	0	0.052102547	0.14546951	0	0.056905187	0.382321741	0	0.009774922	0.112012668	0	0	0.018474814	0.08	0.108775854	1.041816468
TCGA-06-5414-01	0.003571814	0	0.001312175	0.038867483	0	0.104514095	0.004353278	0.011721554	0.018193052	0	0.032450933	0	0.108797663	0.234215291	0.023364091	0.380986621	0	0	0.00728619	0	0.000794179	0.02957158	0.06	0.11357164	1.065680216
TCGA-12-0821-01	0	0.022213347	0	0	0	0.120352789	0	0.011954105	0	0.012001298	0.029765321	0	0	0.342548816	0.066311281	0.296880332	0	0	0.042701263	0	0.032905268	0.022366181	0	0.306168335	0.974457246
TCGA-06-0882-01	0.00242806	7.80E-06	0.000147326	0.031850152	0	0.164680872	0	0.00471377	0.004235655	0	0.044301018	0.019055322	0.272594506	0	0.009440101	0.393084212	0	0.000291819	0.021619437	0	0.016501769	0.015048181	0.18	0.072928973	1.06911934
TCGA-19-1390-01	0	0	0.006783899	0.040974102	0	0.057184423	0	0.004255525	0.002760762	0	0.065511352	0.076028333	0.10068873	0.015600311	0.013127962	0.351917459	0	0	0.155336501	0	0.026842097	0.082988544	0.58	-0.000682678	1.091029278
TCGA-06-0178-01	0.013507399	0	0	0.024093828	0	0.049931391	0	0.010962165	0	0.011164339	0	0.032590493	0.143285032	0	0.015771182	0.552728507	0	0	0	0.104426134	0.015174192	0.026365338	0	0.344789692	0.952131701
TCGA-12-0619-01	0	0	0	0.033474457	0	0.152432105	0	0	0	0	0.031460987	0	0.171190536	0	0.031362118	0.528153091	0	0	0	0	0.01360515	0.038321555	0.18	0.071398493	1.080873725
TCGA-06-5411-01	0	0.006090608	0	0.093687784	0	0.039598743	0.004313697	0	0.008694429	0	0.049789537	0	0.483626383	0	0.023185439	0.223782617	0.001758189	0	0.04018062	0	0	0.025291955	0.02	0.134098881	1.057976979
TCGA-06-0138-01	0.00863997	0	0.002770857	0.025607478	0	0.07202768	0	0.018386569	0.017223072	0	0	0.023662415	0.07651478	0.217876681	0.00980802	0.331909489	0	0	0	0.132817108	0.047626003	0.015129879	0	0.217990203	1.014345835
TCGA-19-2624-01	0.012921049	0	0.001852692	0.062201927	0	0.106863141	0	0.066950655	0	0	0.019786397	0.064131185	0.016988169	0.139981517	0.018252199	0.337755691	0	0	0	0.105237377	0.045212176	0.001865825	0.36	0.021212707	1.089701049
TCGA-19-2625-01	0.007956639	0.014330595	0.001588172	0.046637491	0	0.067284411	0	0.035002404	0.011428972	0	0.075986128	0.031964656	0.313315243	0.057815189	0.006835195	0.211283269	0	0	0.085676498	0	0.019894559	0.013000577	0.36	0.022547528	1.078694753
TCGA-06-0646-01	0.005106517	0.001319794	0	0	0	0.132454266	0	0.021366869	0.014308136	0	0.038392562	0.00476475	0.137338996	0.14861234	0.008144126	0.137107671	0	0.002357066	0	0.271034225	0.05558259	0.022110092	0.12	0.093287196	1.07246806
TCGA-14-0781-01	0.000519029	0.005301504	0.001776656	0	0	0.25196656	0.017282376	0	0.015395813	0	0.083727079	0	0.184380038	0	0	0.381114252	0	0.001393021	0	0.014728871	0.024500979	0.017913822	0.36	0.020910935	1.08261973
TCGA-06-0878-01	0.003688707	0.001463	0.001909989	0	0	0.112561274	0	0.015272891	0.01030976	0.050892657	0.060944488	0	0	0.495898017	0.013473835	0.144192395	0	0	0	0.070525653	0.002346489	0.016520843	0.02	0.153750575	1.073474245
TCGA-28-5209-01	0	0.001105924	0.0044354	0	0	0.163689134	0	0.012323917	0.008710839	0.012562224	0.005703744	0.018188427	0	0.404436345	0.027037619	0.30779926	0	0.003088547	0.023250612	0	0	0.007668006	0	0.173384322	1.05601678
TCGA-26-5134-01	0	0.002780031	0	0.015300352	0	0.047185195	0	0	0	0	0.014810516	0	0	0.429678587	0.085343162	0.388130808	0	0	0.01677135	0	0	0	0	0.184635553	1.075669376
TCGA-32-2616-01	1.54E-05	0.002127375	7.97E-05	0	0	0.136044769	0	0.011053784	0.021839136	0	0.02421091	0.022995857	0	0.414631863	0.008031072	0.303585687	0	0	0.046248701	0	0	0.00913573	0	0.226577937	1.028536452
TCGA-14-0787-01	0	0.006766929	0	0.042724353	0	0.134578536	0.004309455	0.005774048	0.015838593	0	0.045307384	0.021785566	0.164227074	0.063132198	0.053475142	0.369267252	0	0	0.057915185	0	0	0.014898285	0.16	0.07385994	1.059029935
TCGA-14-0790-01	0	0	0.013846249	0	0	0.178085096	0	0.007909072	0	0.048272191	0	0.071152943	0	0.058870291	0.170431852	0.179160808	0.012833175	0	0.25355397	0	0.005884353	0	0.2	0.053706132	1.077572328
TCGA-06-0745-01	0.00165927	0.000586847	0	0.018320633	0	0.094789445	0	0.016210846	0.012962658	0	0.020155542	0.011437888	0.053992933	0.216826507	0.007350616	0.461718864	0	0	0	0.039493615	0.022094015	0.022400321	0	0.358711912	0.947435348
TCGA-27-2521-01	0.033233355	0	0.000738093	0	0	0.104122542	0.00540232	0	0.009122825	0	0.041451334	0	0.114935846	0.05147413	0.013025456	0.522188619	0	0	0.089810021	0	0	0.01449546	0.04	0.127907446	1.049287383
TCGA-32-5222-01	0.004184804	0	0	0	0	0.111464168	0	0.007079315	0	0.012272083	0	0.027532667	0.267229026	0	0.034392952	0.470020418	0	0.002256187	0	0	0.034319875	0.029248504	0	0.198609912	1.0243875
TCGA-28-5204-01	0.000548626	0.007602408	0	0	0	0.258905369	5.35E-05	0.001231309	0	0	0.057766494	0.013051034	0.088493595	0.019172956	0.085623094	0.428541825	0	0.007344079	0.011509358	0	0.000187288	0.019969052	0.2	0.048627673	1.075008315
TCGA-14-1829-01	0.015991998	0	0.000837277	0.028254091	0	0.08770263	0	0.006180931	0	0.002564256	0.008978363	0	0.34264675	0	0.022040648	0.414562908	0	0	0	0.006115797	0.060351249	0.003773101	0	0.159891855	1.043045717
TCGA-76-4928-01	0.005490089	0	0.004076778	0.030585634	0	0.061233684	0.127498908	0	0.017729985	0	0.045880983	0	0.290576422	0.053938444	0.000312243	0.296560463	0	0	0.039450501	0	0.003466936	0.02319893	0.26	0.034137725	1.076299331
TCGA-06-0645-01	0.006557237	0	0.002283308	0	0	0.118356787	0.006365847	0	0.014118579	0	0.052100317	0	0.237416807	0.045887319	0.013255849	0.3324069	0	0	0	0.111164684	0.042127597	0.01795877	0.18	0.070993068	1.067590845
TCGA-41-3915-01	0.010542139	0	0.000267419	0.040066912	0	0.062831445	0.018088267	0	0	0.014529661	0	0	0.12347269	0.140508605	0.014197511	0.472247949	0	0	0	0.022844849	0	0.080402554	0	0.158831417	1.050430184
TCGA-19-2629-01	0.001080313	0	0	0.021035541	0	0.122170871	0	0.000288022	0.006763794	0	0	0.034600043	0.2291177	0	0.036597989	0.416010232	0	0	0.112379626	0	0.013735255	0.006220615	0	0.200558652	1.010045707
TCGA-06-0174-01	0.011762392	0	0	0	0	0.051927322	0	0.004296697	0.011351389	0.007144605	0	0.018462938	0.033876945	0.447446107	0.017365698	0.348373921	0	0	0.012249648	0	0	0.035742338	0	0.209743205	1.058264931
TCGA-28-2510-01	0.002626988	0	0	0	0	0.198314916	0	0.015553498	0.029612138	0	0.044838774	0.020273902	0.123189948	0.222102644	0.005076221	0.269292842	0	0	0.018998345	0	0	0.050119782	0.02	0.145607279	1.038742265
TCGA-15-0742-01	0.004307882	0.004820169	0	0	0	0.111474717	0.005076028	0.011281063	0.06101782	0	0.118309752	0.003396961	0.042263889	0.226629732	0.016260478	0.340522682	0	0	0	0.001376796	0	0.05326203	0.1	0.096419946	1.066468545
TCGA-32-2634-01	0	0.007715507	0.005396013	0	0	0.115015915	0	0.008066296	0.011969793	0.010828315	0.005934756	0	0	0.497418101	0.007998294	0.315484602	0	0	0	0.007392484	0	0.006779923	0	0.197796094	1.069290093
TCGA-06-0139-01	0.012395719	0	0.003065203	0.038625452	0	0	0	0.053638354	0	0.011655499	0	0.03220543	0.124680664	0.052433582	0.037589142	0.563303148	0.007343794	0	0.012112036	0	0	0.050951977	0	0.237987732	1.009413667
TCGA-06-0644-01	0	0.003932885	0	0.016372662	0	0.17224665	0.015501084	0	0.013305469	0	0.00634812	0.000654682	0.118994809	0.231945786	0.020981769	0.3432012	0.014619433	0	0.036692906	0	0	0.005202545	0	0.169321114	1.033241475
TCGA-06-0171-02	0.01942309	0	0	0.019179205	0	0.02137286	0.018453821	0	0	0.002923848	0.013288161	0	0.214715313	0	0.015444709	0.50148493	0	0	0	0.044089224	0	0.129624838	0	0.272990629	0.997037907
TCGA-76-4931-01	0	0.007377446	0.000486645	0.020354759	0	0.070660164	0	0	0	0	0.0387945	0	0.030071296	0.483196957	0.041948741	0.29207334	0	0	0.004794886	0	0	0.010241266	0.02	0.146694869	1.092326274
TCGA-06-0156-01	0	0.003246241	0.009019686	0.056661434	0	0.082036682	0	0	0	0	0.051986467	0	0.08170122	0	0.013367313	0.645664234	0	0	0	0.012257138	0	0.044059583	0.14	0.079350043	1.089335585
TCGA-28-5213-01	0	0.010483433	0.001235192	0.043942816	0	0.071289609	0.030290615	0	0.02619845	0	0.029657959	0	0.251992985	0	0.011008521	0.366490742	0	0	0	0.056707215	0	0.100702462	0.12	0.086548276	1.068695512
TCGA-32-1980-01	0.013909323	0	0.000954162	0.014888058	0	0.061342408	0	0.000878708	0	0	0	0.040794758	0.117910355	0.334296579	0.026915269	0.338452881	0	0	0	0.046020206	0.001766368	0.001870924	0	0.166599156	1.057072849
TCGA-02-2483-01	0.004027352	0	0.000904182	0.015829451	0	0.054785556	0	0.011351727	0	0.010101778	0	0.022217571	0.180449924	0.102431934	0.037191797	0.434850635	0	0	0	0.064338224	0.04141537	0.020104499	0	0.301151405	0.972658204
TCGA-12-5299-01	0.002213631	0	0.000937481	0	0	0.222644603	0	0.000907267	0.006392953	0	0.092498639	0.016005257	0.142290946	0	0.042690631	0.417198934	0	0.004102717	0.014926802	0	0.000679741	0.036510397	0.2	0.047177497	1.074096404
TCGA-32-2638-01	0	0	0.005836723	0	0	0.157403553	0	0.003430727	0.016873461	0.034791995	0	0.05776034	0.102401081	0	0.083902198	0.511149207	0.002685879	0	0.010798509	0	0	0.012966328	0.2	0.047820168	1.08566754
TCGA-28-5215-01	0.040722721	0	0.013002859	0.022633765	0	0.036625866	0	0.039730397	0	0.003613045	0	0.025623618	0.180023489	0.141375433	0.050345574	0.312871634	0	0	0	0.107374784	0.024651542	0.001405273	0	0.184325502	1.020436343
TCGA-27-2519-01	0	0.043027712	0.000497826	0.052081644	0	0.090251145	0.016198431	0	0.02310836	0	0	0	0.212826528	0.056720515	0.021709002	0.470591449	0	0	0	0.004210705	0	0.008776682	0.06	0.118285785	1.056800464
TCGA-41-2571-01	0.012211242	0	0.002189949	0.034378911	0	0	0	0.03040123	0	0	0	0.022770103	0.066298732	0.293098162	0.021529959	0.253197147	0	0	0	0.228238134	0.032315022	0.00337141	0	0.177135983	1.054332767
TCGA-27-1831-01	0.000963981	0.003210784	0.001674294	0.009839671	0	0.184338917	0	0	0	0.028041271	0	0.080777534	0.160191496	0	0.045980255	0.439072861	0	0	0.032659521	0	0.007349315	0.0059001	0.02	0.135326557	1.039501188
TCGA-06-5412-01	0.002665456	0	0.004435736	0	0	0.099791507	0	0.007497916	0.001582663	0.021480297	0	0.022352823	0.215269662	0	0.010384069	0.464122413	0	0	0	0.087324892	0.04227681	0.020815755	0.18	0.061741071	1.082956373
TCGA-06-0238-01	0.013254191	0	0.001970584	0.019316862	0	0.071845194	0	0.012139523	0	0	0	0.0333795	0.052056121	0	0.023024456	0.532925222	0	0	0	0.060859441	0.17200355	0.007225356	0	0.347003039	0.947332181
TCGA-08-0386-01	0	0.005658156	0	0	0.013224648	0.028802247	0	0	0.002839222	0	0.084661934	0	0.185855571	0.177709549	0.012961769	0.244652736	0	0	0.172338129	0	0	0.071296038	0.14	0.086252179	1.064778801
TCGA-06-2570-01	0.021131896	0	0	0	0	0.106809221	0	0.016647885	0.045538875	0	0.080680005	0.009793668	0.077251809	0.265009332	0.013952207	0.312101769	0	0	0	0.005774269	0	0.045309062	0	0.296531699	0.973523778
TCGA-16-0846-01	0.002830227	0	0	0.007275531	0	0.163607795	0	0	0	0.00813162	0	0.029997288	0.105942733	0	0.157206227	0.459396117	0.001755014	0	0	0.056438932	0.006103696	0.001314819	0	0.241535167	1.001719467
TCGA-27-1837-01	0.004511411	0.00242926	0.00152578	0	0	0.235138891	0	0.013575363	0.010244399	0	0.093777138	0.050990476	0.114354951	0.045801219	0.112079907	0.247657513	0	0	0.061003541	0	0	0.006910152	0.14	0.078314064	1.056050326
TCGA-27-1837-01																									
