B cells naive	B cells memory	Plasma cells	T cells CD8	T cells CD4 naive	T cells CD4 memory resting	T cells CD4 memory activated	T cells follicular helper	T cells regulatory (Tregs)	T cells gamma delta	NK cells resting	NK cells activated	Monocytes	Macrophages M0	Macrophages M1	Macrophages M2	Dendritic cells resting	Dendritic cells activated	Mast cells resting	Mast cells activated	Eosinophils	Neutrophils	P-value	Correlation	RMSE
TCGA.ZH.A8Y2.01A.11R.A41I.07	0.00954313239764918	0.0358896361753531	0	0.0538845798432832	0	0.180555058878185	0	0	0.0263839815717922	0	0	0.0465453360194546	0.137179042633565	0.0781932773546178	0.0292465528142911	0.180231911814049	0.184476696098936	0.0116788550922967	0.0189919040379598	0	0	0.00720003526856716	0.16	0.0846693834284359	1.04468114768586
TCGA.W5.AA2X.01A.11R.A41I.07	0.0493764682530355	0	0.036126980916053	0.0195710221688572	0	0.0814371803255988	0	0.000667068197788928	0.0119549589332321	0	0	0	0	0.556468129656619	0	0.0669646532899106	0	0.0489018848938763	0	0	0	0.128531653365028	0.08	0.14054901775926	1.09755289915373
TCGA.W5.AA2Q.01A.11R.A41I.07	0.0208984457992911	0.0158828237325382	0.00807003340763673	0.0910591784289803	0	0.222755033952449	0	0.0301668089655585	0.0272577352378969	0	0	0.119037079802357	0.0134684514174627	0.210691118568798	0.0894195275172898	0.0970135616978653	0	0	0.0524311450073127	0	0.00184905646456364	0	0.16	0.0818446077990606	1.06582935682316
TCGA.W5.AA2U.01A.11R.A41I.07	0.13381686734912	0	0.00422735434762712	0.0508545694086449	0	0.41457326747705	0.01122613234192	0.0206339222406445	0	0	0	0.021182683098712	0	0.0759046263739742	0.135963632515481	0.0715474151528333	0.0173348187397234	0.0283180737105106	0.0144166372437588	0	0	0	0.02	0.185368501833841	1.02593839644833
TCGA.ZH.A8Y4.01A.11R.A41I.07	0.111074851395315	0	0	0.0137045933623452	0	0.090243027593935	0	0	0.0236733273967907	0.00147116110957249	0	0.0384758775515683	0	0.460063813053507	0.0445343578649288	0.132726155459709	0	0	0.044531851977419	0	0	0.0395009832349099	0	0.383041567341518	0.935459324760285
TCGA.W5.AA2R.01A.11R.A41I.07	0.0471266441017575	0	0.00827986853173878	0.135489737236202	0	0.239201234565364	0	0	0.0868376773770015	0.0115299495297478	0	0.0801926169307664	0.00369825477306975	0.163712856008108	0.0902692091972864	0.0476500411084593	0.0213193431129862	0	0.0646925675275134	0	0	0	0.1	0.100291441257716	1.0590194835644
TCGA.W5.AA34.01A.11R.A41I.07	0.00985559192294666	0.000654414955114746	0	0.0556483593906746	0	0.28240029720367	0	0.00755033726575832	0.0484944905258346	0	0	0.074284665189247	0.0627814154098175	0.0567461806011091	0.0866045596745627	0.0811705121166148	0.152674592328778	0	0.0305927881476867	0	0.0032834269185005	0.0472583683496853	0	0.199179025924961	1.00443265903491
TCGA.W5.AA2W.01A.11R.A41I.07	0.0876447405092907	0	0.0161719401271747	0.247827997367377	0	0.152357928067673	0.0439586188599672	0.00914937200572185	0.0344870371944006	0	0	0.055746838396072	0.0550318870428737	0.0601715729023194	0.0913924679770678	0.0919010686141881	0.00490749277645275	0	0.0492510381594207	0	0	0	0.1	0.111356373954078	1.04955543933412
TCGA.YR.A95A.01A.12R.A41I.07	0.0420663726763638	0	0.00515472309012765	0.191906720359909	0	0.257859574877761	0.0304016873805277	0.00258183302928738	0.00915237447477856	0	0	0.0346981664972131	0.00489376160382598	0.0297143604273815	0.205420830377942	0.141353624969248	0.00691595876292254	0	0.037880011472712	0	0	0	0.34	0.0397741188305554	1.10459785476485
TCGA.ZH.A8Y6.01A.11R.A41I.07	0.0750524075059074	0	0.0036131965662536	0.0333581796618815	0	0.136344827335982	0	0.0171727952862529	0.00547338796827943	0	0	0.0730797095121672	0.0811265137980126	0	0.0261596889600516	0.346081554885046	0.0478951037047153	0	0.15464263481545	0	0	0	0.66	0.00421726942412952	1.07360107157369
TCGA.3X.AAVA.01A.11R.A41I.07	0.0520778794640686	0.072344037686791	0.0266316936936819	0.139119432973312	0	0.199905974753693	0	0.0380181247143842	0.0270215042616161	0	0	0.0630620867668277	0.00537708971048212	0.0658892003182849	0.0364946481400757	0.152607669706528	0.0666673457918058	0	0.0488236675817536	0	0	0.00595964443669538	0	0.289778848139637	0.965042761046684
TCGA.W5.AA2G.01A.11R.A41I.07	0.056695331664762	0	0.00344767081301515	0.0405954376196167	0	0.210198385855131	0.00839025699502391	0.00595084847278597	0.0149927560459745	0	0	0.0488790529553014	0.0499113434884196	0.185212024921384	0.108620269124052	0.161039923754392	0.0356489413858813	0	0.0643660378983737	0	0.00605171900588655	0	0	0.204773585651305	1.00120059990274
TCGA.ZU.A8S4.01A.11R.A41I.07	0	0	0.00464005334886928	0.438461430947144	0	0.0144912496026877	0.0457942819932946	0.0254920732477677	0.0241662106909033	0.00192754805124253	0	0.00780774814748415	0	0.0883641640750158	0.087006796273342	0.209834957154203	0.0199572572215808	0	0.0147977608429206	0	0	0.0172584684035449	0	0.482287749126515	0.875184991079866
TCGA.WD.A7RX.01A.12R.A41I.07	0.186572392012074	0	0.0268562264578774	0.179387255496659	0	0.171642076690225	0.0070622251463176	0.0271859228408165	0.117539999326883	0.0199698988261513	0	0	0.00186588441027771	0.0920820576672409	0.106736685023359	0.0397096010249817	0.00670328536478413	0	0.0166864897123528	0	0	0	0	0.393939186054845	0.923465439047175
TCGA.ZH.A8Y5.01A.11R.A41I.07	0	0.115178774264122	0	0.0301552841320307	0	0.186996589097649	0	0.0764570034776609	0.0147761113641052	0	0	0.0340656807395463	0	0.168629189391912	0	0.231743466820163	0.000525452863928727	0.071074955461788	0.0540928927199547	0	0	0.0163045996671396	0.44	0.0268527823188794	1.07132156344733
TCGA.W5.AA31.01A.11R.A41I.07	0.0606611434174145	0	0.00472305828719308	0.0343819474647334	0	0.106965592912762	0	0.00146491300898961	0.032537112680744	0.00508188860861514	0	0.0570945599752031	0.0190148225575939	0.37223751162	0.0631475049128009	0.0813699020703544	0.103463036798547	0	0	0.0233544137327799	0	0.0345025919522687	0	0.23480357947294	1.00403857369783
TCGA.W6.AA0S.01A.11R.A41I.07	0.035349543777809	0.0161716688473052	0	0.0743505235013661	0	0.211607048153508	0.0382965216198919	0.0238128971446579	0.00420791800090586	0	0.00390450763201097	0.0209636646696462	0.0491254207723006	0.028616781093688	0.128586593482915	0.204862747651588	0.0606755235730405	0	0.0502545488749605	0	0.0171481727507141	0.0320659184536927	0.04	0.162986476844824	1.01550625889027
TCGA.W5.AA33.01A.11R.A41I.07	0.185342714544748	0	0	0.139099020819769	0	0.352830467562634	0.0075100046917237	0	0	0	0	0	0.0279639323905922	0.0894698522796938	0.0496973500586856	0.0979847575056674	0	0.00836656260671211	0	0.0169151445608443	0	0.0248201929789305	0	0.269463514305596	0.9821057020111
TCGA.3X.AAVC.01A.21R.A41I.07	0.0627347704457366	0	0.00970170077031562	0.175996465977013	0	0.105536899031726	0.0538126952398061	0.0488801019089075	0.0497804281213098	0	0.0476161606206007	0	0	0.112871232533969	0.091855572794638	0.0747858951311966	0	0.033193996307516	0	0.129780793927714	0	0.00345328718955133	0.1	0.111775076707194	1.04807884426718
TCGA.W5.AA2O.01A.11R.A41I.07	0.0189176433643806	0.0217421734651435	0	0.0165253631097279	0	0.146528480622797	0	0	0.0358202940027157	0	0	0.0822194086382327	0.0707889328950587	0.187225110176373	0.0613870702222786	0.252773766266932	0.0278056480232642	0	0.0693746835418646	0	0	0.00889142567123133	0.12	0.090151776927736	1.05101900526857
TCGA.W5.AA2H.01A.31R.A41I.07	0.146743568872384	0.177616018929453	0.0806652142587748	0.237043106433923	0	0	0.0118514237707118	0.0482840526201935	0.129030724225701	0	0	0.0206405499742698	0	0.0579529336327687	0.0292404847781369	0.0373934199858175	0	0	0.0165289609926257	0	0	0.007009541525241	0	0.651585365972792	0.766056882211802
TCGA.W5.AA2I.01A.32R.A41I.07	0	0.0024379092078945	0	0.157377081465016	0	0.177813706908328	0	0	0.00714546221603244	0.0467203231459492	0	0.167451183632922	0	0.168460578567615	0.0319425323555453	0.135325757662012	0	0	0.105325464838687	0	0	0	0.56	0.0174193093901768	1.10912640033576
TCGA.3X.AAV9.01A.72R.A41I.07	0.016510983991251	0.00960901136143968	0.0594273556218753	0.323013746670896	0	0.149975176973973	0.0279187903335315	0.017498330528612	0.00821133424842924	0	0	0.047284119811118	0.00960806658881327	0.0653686717322792	0.0475626263103115	0.115668289768135	0.0245590208139574	0	0.0777844752453785	0	0	0	0.04	0.161514564176483	1.03022049761707
TCGA.W5.AA39.01A.11R.A41I.07	0	0.0278062555126335	0.0334704065071105	0.242367750521548	0	0.170353913927658	0	0.0477714730353493	0.0108562751264348	0	0	0.0444333947499682	0.045138964920256	0.159002525883312	0.0532674598286357	0.0404639837056688	0.00927050576965964	0	0.08181808769389	0	0	0.0339790028178759	0.96	-0.0255889471655019	1.10368132279559
TCGA.4G.AAZO.01A.12R.A41I.07	0.000253073091152651	0.0110297458312675	0	0.0973092139599164	0	0.186487032256052	0	0.00608552231594559	0.055619911604239	0.018780482418814	0	0.163898898462141	0.111796063307799	0.00313284256052491	0.0997561532006884	0.108326495064559	0	0.0723396903771501	0.0651848755497502	0	0	0	0.28	0.0509221658293363	1.08777972263795
TCGA.W5.AA2T.01A.12R.A41I.07	0.0552686254200653	0	0.0186278139152733	0.115699555062946	0	0.0515341368507273	0	0.0151761763111997	0.00686955691214481	0	0	0.0767697257992934	0	0.357754335950397	0.0306819817629656	0.0896906315941151	0.117788750001556	0	0.0641387104193166	0	0	0	0.42	0.0277584583697915	1.09265559972186
TCGA.ZH.A8Y8.01A.51R.A41I.07	0.369653606610013	0	0	0.0117206655164577	0	0.0885359863235533	0.0177930283896763	0.00966944262260716	0.0457128711669162	0.014730796217027	0	0.00749222905365687	0	0.3072012460404	0.0525699180577977	0.026655537669901	0.019573441580834	0	0	0.0168193069481728	0	0.0118719238029865	0	0.418484261519875	0.913088537131188
TCGA.3X.AAVE.01A.11R.A41I.07	0.109451956596114	0	0.0259239856912116	0.196520531446691	0	0.104316590424371	0.00320411014060377	0.0346943162184592	0.0683342141736788	0	0	0.0474961813029885	0.0213440399394351	0.0520497906147621	0.143722764528421	0.0605048669437398	0.0602573728959564	0	0.0633071349134589	0	0	0.00887214417010866	0	0.409428132120664	0.912436882690232
TCGA.W5.AA36.01A.11R.A41I.07	0	0.0284211863727377	0.0104613603946421	0.077577859520631	0	0.132443907617094	0	0	0.0377148737499853	0	0	0.0689259091193376	0.031755372872918	0.262056340560687	0.0538439698581592	0.187719607134804	0.0804247806907352	0	0.027259851680722	0	0	0.00139498042754689	0.28	0.051086730634427	1.07454384005864
TCGA.ZD.A8I3.01A.11R.A41I.07	0.076465321513816	0	0.0225255665518635	0.0572888029750585	0	0.141527193281937	0	0.0174823155935622	0.0342167774087159	0	0.00323626611972952	0.0351242077564209	0	0.372527882486058	0.116466752330412	0.0999375534866269	0.0132091797111721	0	0	0	0	0.00999218078462722	0.36	0.0353214755816586	1.10006525167521
TCGA.W5.AA38.01A.11R.A41I.07	0	0.00981547747831205	0.0123033780798699	0.0705682231119808	0	0.12210105364391	0	0.00351400738712692	0.0612559010985511	0	0	0.0524886850058107	0.0112847368371542	0.35752665627198	0.021065192392917	0.24391450994999	0	0	0.0164275990800966	0	0	0.0177345796623018	0	0.426558496490094	0.907707795057106
TCGA.4G.AAZT.01A.11R.A41I.07	0.00535529051192406	0.0416985931295014	0.0143549328743012	0.172363548894114	0	0.311692952102306	0	0.000569898474378488	0.000134537397116952	0	0	0.0888114715222365	0.0618783701072356	0	0.0456629914982887	0.146255804190097	0.0507284088007583	0	0.0604932004977419	0	0	0	0.08	0.122515726087896	1.04580792459939
TCGA.W5.AA2Z.01A.11R.A41I.07	0	0.00902602357609321	0.00114833312511173	0.0150983512835222	0	0.146544472764703	0	0.00758094231963989	0.0633586487778207	0.000821982344742177	0	0.28423520488018	0	0.182975670653352	0.0611666025439028	0.0602759778874082	0.0583323944297815	0	0.0946581293953071	0	0	0.0147772660184358	0.02	0.183724545249503	1.0427156056225
TCGA.3X.AAVB.01A.31R.A41I.07	0	0.00782218205185527	0.0505903150210331	0.086013453057473	0	0.114673218315042	0.000940353679940182	0.0108164752776705	0.0330229319441034	0	0	0.0884323127401481	0.00557106150622562	0.180165888944393	0.0374902094653263	0.205989174901165	0.0658095828089465	0	0.111258956087217	0	0.000554150469686449	0.000849733729774474	0.04	0.164198918253951	1.01648924195546
TCGA.W5.AA30.01A.31R.A41I.07	0.133375018337262	0	0.109386055333593	0.113491876686618	0	0.21074650030207	0	0.0542108483852144	0.00187068530681634	0	0	0.0525246869576339	0.0082908203154449	0.0265343840122079	0.0944553222712723	0.0836488657430283	0.0651186995739608	0	0.0437601850183788	0	0	0.00258605175649957	0	0.320559287063386	0.955288515992015
TCGA.ZH.A8Y1.01A.11R.A41I.07	0.0267666564660134	0	0	0.00304727570357642	0	0.089643388914265	0	0.00517230273699208	0.00835000058111842	0	0	0.0220231101059659	0	0.628743945437784	0.00601850121258978	0.130169692649091	0	0.0330354077642592	0	0.041329300624005	0	0.00570041780434027	0	0.24435322258223	1.05506482998798
