B cells naive	B cells memory	Plasma cells	T cells CD8	T cells CD4 naive	T cells CD4 memory resting	T cells CD4 memory activated	T cells follicular helper	T cells regulatory (Tregs)	T cells gamma delta	NK cells resting	NK cells activated	Monocytes	Macrophages M0	Macrophages M1	Macrophages M2	Dendritic cells resting	Dendritic cells activated	Mast cells resting	Mast cells activated	Eosinophils	Neutrophils	P-value	Correlation	RMSE
TCGA.L5.A8NL.01A.12R.A37I.31	0.0386136863745112	0	0	0.0222541284271958	0	0.214207695604169	0.0154553459470286	0.00186110024075769	0.0263957744508449	0	0.0203637629721594	0	0.00162426787981918	0.292825255402827	0.00308717936131524	0.193308141513103	0	0.0622788737540692	0.0858615642863147	0	0.0182410912515242	0.00362213253436173	0	0.222110819717327	1.00061917768348
TCGA.L5.A8NR.01A.11R.A37I.31	0.156659730907803	0	0.0165911428776093	0.0534422242440957	0	0.209177931496336	0	0	0.078228453859084	0	0	0.00737545121774506	0	0.138203319707542	0.00965911889068799	0.205100735983394	0	0.0350702267137186	0	0.060150283103842	0	0.0303413809981428	0.02	0.21336118864838	0.998809944165488
TCGA.JY.A93D.01A.11R.A38D.31	0.0651606135945181	0.0275818974873774	0	0.0657084824137957	0	0.269000148218477	0.0584274375292182	0	0.0221309136989574	0	0	0	0	0.0421583892388329	0.121408404374381	0.17809107763873	0.0126819414329276	0	0.137650694372784	0	0	0	0.0600000000000001	0.14169315212004	1.02524840016464
TCGA.IG.A5B8.01A.11R.A28J.31	0.00247364286570372	0.00177327010865416	0	0.0896940425345903	0	0	0.134343744827179	0.00650172462079449	0	0	0	0.040164268180048	0	0.466576077516099	0.0765130040939476	0.153861867385103	0	0.0208662165569939	0.00723214131088721	0	0	0	0.36	0.0393080891812175	1.12284098911828
TCGA.IG.A3YA.01A.11R.A24K.31	0.126333131738588	0	0.0104724111634542	0.0170135749652929	0	0.17609154032514	0.057874176740613	0	0.0701401359103386	0	0.0145714131113568	0	0.0131168664564596	0.232864988226431	0.0597344600907508	0.0461493978962998	0.0208627765965334	0.105850782656197	0.0489243441225448	0	0	0	0	0.253065816052165	0.980665355784081
TCGA.KH.A6WC.01A.11R.A336.31	0	0	0.0400118906281387	0.0428665252406434	0	0.207466890652881	0.00657475055369707	0.0591631903337616	0.036342829369938	0	0	0.0242723180235352	0	0.04810915870891	0.13464210559199	0.112980335450736	0.145533748190623	0.00228571322515543	0.13975054402999	0	0	0	0.44	0.0213085720888764	1.07074927055559
TCGA.LN.A4A4.01A.11R.A260.31	0.0282002828432784	0	0.00634918605822093	0.0303965346141419	0	0.223503350203618	0.0892344686182049	0	0	0	0.0217868371548679	0	0.00141813911225508	0.238388350501797	0.0691562946982816	0.0654930665416246	0.145336751236471	0.0216537167788235	0.0590830216384145	0	0	0	0.0600000000000001	0.123357078238023	1.03316375572816
TCGA.2H.A9GJ.01A.11R.A37I.31	0.217938883426857	0	0.186924380502695	0.079287903868709	0	0.242386159829142	0.0354380383599635	0	0.0119360797815144	0	0	0.0233213043044111	0.0127269795457061	0.0156409868610197	0	0.043144245376893	0	0.0805769218209077	0.0506781163221823	0	0	0	0	0.309609008777027	0.97551756908334
TCGA.LN.A49O.01A.11R.A24K.31	0.00186076279811332	0	0.0137394922735475	0.119102334709089	0	0.211283593798785	0.00602816087411406	0	0	0	0.0206594165923377	0.00861463157866755	0	0.218812075806852	0.170713607465252	0.128248415029904	0.00140332238655147	0.0292201126151764	0	0.0703140740716099	0	0	0	0.259280553480438	0.993465007461208
TCGA.2H.A9GQ.01A.11R.A37I.31	0.015708544064978	0.018787247902311	0	0	0	0.264143509144607	0	0	0.0434163922273438	0	0.0262073437299957	0	0	0.299005997615992	0.0149243226302296	0.0936875613530256	0	0.0913891830329409	0.103398765607427	0.0293311326911502	0	0	0.36	0.0386139034433725	1.07932223307786
TCGA.IG.A97H.01A.11R.A38D.31	0	0.00134134851669207	9.74574879407164e-05	0.00317566339900047	0	0.184237701091878	0.00465817545158274	0	0	0	0.00604826491151539	0.0151224272393584	0	0.372341390055405	0.0167688668547016	0.210225660717754	0.027643502288987	0.0816845566833534	0	0.0749190576473265	0	0.00173592765450481	0	0.22928176395776	1.01733291263312
TCGA.LN.A49P.01A.11R.A24K.31	0.0160334581693948	0	0.00835973685337068	0.0974563287412477	0	0.117020162813793	0.0983908131230584	0.0274380073697019	0.0207396349912443	0	0.0237688687967744	0	0	0.209266892080502	0.132214788493511	0.200332090674677	0.0108632214881411	0	0.0381159964045835	0	0	0	0	0.39432497036186	0.919600972630828
TCGA.VR.A8EU.01A.11R.A36D.31	0	0	0.0201890488106025	0	0	0.0208866385165124	0.121752346286212	0.0786047189337818	0.0070137698937641	0.0145923147442005	0.0941068511572615	0	0	0.0968093330899761	0.217168528327788	0.187670184486325	0.0511995570257638	0.0592365664776157	0	0.0304536167982781	0	0.000316525451918667	0	0.277118121361899	0.985825499302033
TCGA.IG.A4QS.01A.11R.A260.31	0.00280932133879664	0.031067272794545	0	0.032913387457156	0	0.26207692931546	0.033784144707821	0	0.0159715430432272	0	0.00774223470801737	0.0377400532647205	0.01987419456773	0.0912361504788549	0.103793595958977	0.282701205343318	0.0125487577715449	0	0.0497481696864355	0	0.0159930395633966	0	0.18	0.0740677036594694	1.05552802196782
TCGA.L5.A88W.01A.11R.A354.31	0	0	0.0254786667283241	0.0121395757131467	0	0.185572357283126	0	0.0276756751944587	0	0	0.110268765439131	0	0.00346961714699387	0.170434162163863	0.0176600124418156	0.130151152042648	0.0323854335250501	0.0524131161544897	0	0.107531924363626	0.0608625913005056	0.0639569505028207	0.16	0.0792645274121588	1.05308250277629
TCGA.2H.A9GK.01A.11R.A37I.31	0.155549168509241	0	0.137604599548524	0.0417260436882057	0	0.232866239202528	0.0597236996007485	0	0.0624209367627331	0	0.0713487475726058	0	0.00963764010132774	0.0390289081243953	0.0042745854242696	0.0342863991015642	0	0.069319070299594	0	0.0759854320624076	0	0.00622853000185564	0	0.405981785470564	0.915112272671146
TCGA.L5.A4OP.01A.11R.A260.31	0.189301179172095	0	0.147341141051702	0.0947100435813066	0	0.339486615512889	0.0261766708433469	0.0479880327227224	0	0	0	0.000472972761328865	0.00484592590557796	0.039811817251119	0.0225862998392389	0.063905575221163	0.00708385790909253	0.011331799532845	0.00495806869557373	0	0	0	0	0.364168250912334	0.944628722076617
TCGA.L5.A8NM.01A.11R.A37I.31	0.0354696894700434	0	0.0075826117188189	0.153809690728841	0	0.242155374829025	0.204804330972253	0.0223502289655366	0.00816294824085582	0.0153915101153691	0	0	0	0.112895942318048	0.0813455344689139	0.0656214010627021	0	0.00456971821352912	0.0192414861567671	0	0	0.0265995327392972	0.14	0.0813540392831851	1.06156549400314
TCGA.L5.A88T.01A.11R.A354.31	0.15372433319506	0	0.00677845002162392	0.0454908997515018	0	0.229618870735696	0.00883916035202563	0	0.00616284568537647	0	0.0248204534204708	0	0.0215425365553108	0.0254845632864988	0.0685694725029892	0.166015573037347	0.172665898885292	0	0.0702869425708076	0	0	0	0.02	0.201520045551384	0.995970111212838
TCGA.Z6.AAPN.01A.11R.A406.31	0.00120572607827064	0	0.000341725291544773	0.129199015081394	0	0.112582204733406	0.176012733722547	0.00393716836850804	0.00711417028399736	0	0.0191914506042835	0.0084893520391985	0	0.171629749189968	0.0942601428434507	0.165489671302471	0.0578640886119637	0.0250313251477313	0.0249598623665737	0	0	0.0026916143346902	0.08	0.0972207829955182	1.04643757326694
TCGA.JY.A6FA.01A.11R.A336.31	0.0904511698916409	0	0.072567382521051	0.0349902854486245	0	0.198050268914168	0.113520506171392	0	0	0	0.0573018004560929	0	0.0135341930826101	0.0890793089013129	0	0.0954787600544644	0.0476658429250009	0.121901076463092	0	0.0440675498281753	0.000979053006711834	0.0204128023356632	0	0.22060803265817	0.988492730124001
TCGA.LN.A9FP.01A.31R.A38D.31	0.0997603750656988	0	0.00575792502341086	0.0323402702207112	0	0.176041372220546	0.0347227612493211	0	0.00409751446787907	0	0	0.00323212713980855	0	0	0.083553435570641	0.296519838207415	0.0137740715446845	0.032007434864184	0.215744181145338	0	0	0.00244869328036124	0.02	0.184766908733387	1.00528788130181
TCGA.L5.A8NJ.01A.11R.A36D.31	0.169079984433492	0	0.122733052670847	0.0799577165075175	0	0.226802801153214	0	0.060737497114033	0.0468735741830763	0	0	0.0214238319636374	0.00626804664777619	0.0219524482663011	0.0280555785297903	0.0673382052119887	0	0.123057575748724	0.022649592866323	0	0	0.00307009470327989	0	0.325451323185656	0.957460909657923
TCGA.V5.A7RC.01B.11R.A406.31	0.0271065762481795	0	0.00948158263491392	0.0369358437553582	0	0.393203369941739	0.0137945529438996	0.0151151121587848	0	0	0.0651970583721605	0	0	0.121536079646973	0.115599256471484	0.125599162503942	0	0.0402070740498201	0.00753251355501154	0.00924575408061752	0	0.0194460636371157	0.04	0.1526179629505	1.03511686074901
TCGA.Q9.A6FW.01A.31R.A31P.31	0.100583414752349	0.0437695777770997	0	0.142135915466697	0	0.233384441875606	0.000214718410356522	0.0532028787952466	0	0	0	0	0.0170283073658036	0.169302177384176	0.0437887389819975	0.0701959824605	0	0.0234061619403425	0	0.0781983046677764	0	0.02478938012205	0.04	0.164466446877437	1.02340351400471
TCGA.R6.A6Y0.01B.11R.A336.31	0	0	0.0062509417446005	0.00577408846089495	0	0.164528584332372	0.0416411114206518	0.00472611817307965	0.0676019966628998	0.00563806287956397	0	0.000513560700340051	0	0.375267904880663	0.0340657245552484	0.150618382345451	0	0.0523840334300741	0	0.0765322182571368	0	0.0144572721570231	0.0600000000000001	0.140741519075614	1.05409995576325
TCGA.L5.A8NG.01A.11R.A37I.31	0.324844884666779	0	0.141347608906118	0.0562573651944683	0	0.156446432688689	0.0248039991401173	0.0388181763175671	0.00913816031374206	0	0.0162113120602997	0	0.0114126394440632	0.0407198082059132	0.0713380016018364	0.0374576338795561	0.0107472992996334	0.0293257633421727	0.0304174263375097	0	0	0.000713488601534193	0	0.458271403624291	0.892920258061343
TCGA.JY.A6FE.01A.11R.A336.31	0.0396268968555963	0	0.0613984100156043	0.106560748158786	0	0.0785096161007471	0.0622752944146037	0.0147959980478085	0.00625011351025837	0	0	0.0273675519034985	0.0466283242073969	0.0326017640185213	0.0805877128943248	0.382148919833057	0.0164408244684608	0.0124897265656969	0	0.020314900030987	0	0.0120031989746527	0.02	0.192482985457428	1.00613444190125
TCGA.LN.A7HZ.01A.31R.A354.31	0.015294108533634	0	0.0117718260298426	0.33559141992558	0	0	0.225781073787284	0.02253666935669	0.00892245930664274	0	0.0148129999324181	0.0242978291006973	0	0.00227186422720316	0.0804657095129853	0.14416297050369	0.0632796765694441	0.00273456642143982	0.0480768267924494	0	0	0	0.0600000000000001	0.11568386322916	1.04592478350254
TCGA.L5.A4OE.01A.11R.A260.31	0.145130387161272	0	0.0164147024643835	0.158767112572661	0	0.182852761406618	0.127398853644472	0.0282511676039065	0.0187064888052366	0	0.0332840331721971	0	0.00661946605477231	0.0541496857303432	0.0434203635298948	0.0466487434697801	0.00309638127594055	0.11471341050746	0.0168924025508693	0	0	0.0036540400501945	0	0.242303423842019	0.989810677972909
TCGA.L5.A8NF.01A.11R.A37I.31	0.136775799271922	0	0.0218928032024881	0	0	0.255531427809064	0.00684181734088781	0.00845746375258638	0.0568186658126424	0	0	0.031849293108814	0	0.263154484619013	0.0724058654095193	0.0771758713404802	0	0	0.0502067464030298	0	0	0.0188897619295523	0.18	0.069492186094373	1.06261229708971
TCGA.M9.A5M8.01A.11R.A28J.31	0.291125226965797	0	0.148313760771039	0.0505971012811259	0	0.179933901400613	0	0	0.043998398244196	0	0	0.0150228678967412	0	0.136212268798114	0.00928319797273265	0.0206899245445898	0	0.0434694944466377	0	0.0251430490317562	0	0.0362108086466573	0	0.462675239561152	0.888819898394491
TCGA.LN.A9FR.01A.11R.A38D.31	0.00721783953142585	0	0	0.0345719757815359	0	0.16520350485168	0.0419614873732193	0	0.00742392074292544	0	0.0126067773131896	0.00565264091678838	0	0.131633093006992	0.00346649142109333	0.265289592208891	0.185468478823966	0.0825545534767222	0.0447481146956053	0	0.00858910077424509	0.00361242908172123	0	0.332903655696915	0.947464113899624
TCGA.L5.A43C.01A.11R.A24K.31	0.0865596124691826	0	0.00474464838142153	0.0245072646763899	0	0.208140784725507	0.0143696421216489	0	0	0	0.0844848977629405	0	0.0190938298930554	0.214066510556164	0.0101050163616235	0.0621005664996211	0	0.0316816382625161	0	0.21404895490361	0	0.0260966333863187	0.04	0.175225302200828	1.02492209977249
TCGA.S8.A6BW.01A.11R.A31P.31	0	0.00291734721056227	0	0.000523843087862112	0	0.266777693006502	0.0788816851142252	0	0	0	0.0328063111020265	0	0.0682153921553249	0.118553212184518	0	0.10665187250666	0.103555524412798	0.125102127997742	0.0960149912217781	0	0	0	0.0600000000000001	0.119753268181763	1.02689378314476
TCGA.R6.A6L4.01A.11R.A31P.31	0.10132231327141	0	0.0498108885262235	0.042784000047997	0	0.292669046400028	0	0.0184777594397839	0.0702595994713606	0	0	0.0370760589959577	0	0.234060494314139	0.00340466165807918	0.0685619383086088	0.000458585099237613	0.0628624571795237	0.0182521972876509	0	0	0	0.44	0.0223534211702197	1.08719113344723
TCGA.VR.A8EO.01A.11R.A36D.31	0.0171766685835983	0	0.00358135440338865	0.0120100776274864	0	0.22295859963961	0	0.0327662633517345	0.00416701775675878	0	0.00793336734294611	0	0.061622747515019	0.360309502658248	0.0418960740476208	0	0.0355674727886142	0.0616793083992891	0	0.126644110888558	0.0116874349971286	0	0.02	0.209654030341303	1.01494131699456
TCGA.IG.A3I8.01A.11R.A24K.31	0	0	0.00971407906586781	0.03865780325269	0	0.225865462587287	0.109339341504407	0.0253541834123284	0.0293349194526106	0	0.0396014887472125	0.0185554065856939	0.00667600444658793	0.10186890527772	0.00577721183192147	0.00651330887657844	0.132379449887207	0.118747613963126	0	0.0884186123398895	0.0431962087688722	0	0.44	0.0197385316509724	1.07336963062737
TCGA.L5.A8NT.01A.11R.A37I.31	0.0956343537508147	0	0	0.0309422232335457	0	0.213963361571381	0.0226091436866551	0.00656277200610496	0.055221500525769	0	0	0.0105408869742432	0.00564453403154361	0.0930892947091054	0.0644592859109967	0.0927056647209225	0.104162611687323	0.0334086665260367	0.149700094506853	0	0.0152073456548692	0.00614826050383613	0.02	0.214057767560814	0.989906738249801
TCGA.JY.A6FB.01A.11R.A336.31	0.0207756795111823	0	0	0.0175933786966827	0	0.289538613014532	0	0.00700240084566032	0.0275826213115525	0	0	0	0.00525608177603615	0.20402922765836	0	0.213209173528574	0.0667996309023814	0.107086065303908	0	0.03526797358223	0.00585915386890081	0	0.26	0.0556781988915392	1.07266514358935
TCGA.R6.A8W5.01B.11R.A37I.31	0.0426155757596323	0	0.0465804591327568	0.0410172520105629	0	0.173840422350525	0.00114200544203606	0.0297179482804725	0.0138647222190187	0	0.0261032308097741	0	0	0.258320825600075	0.109757939113321	0.0924177262812351	0.00214274406741041	0	0	0.0587392166071957	0	0.103739932325984	0.08	0.108225096908298	1.05286335822805
TCGA.VR.A8ER.01A.11R.A36D.31	0.0285525145501408	0	0.0762839738276374	0.0360539951957542	0	0.202841973515665	0.0467991107542017	0	0.00464218427911747	0	0.0188193412113813	0	0.00272914904704169	0.205562224554962	0.0500171595776932	0.210104046908008	0.066492627136203	0.025800016534544	0.00833304629557929	0	0.0102483424691626	0.00672029414290787	0.04	0.158433075239784	1.02097761424347
TCGA.LN.A7HX.01A.11R.A336.31	0	0	0.00475841459883608	0.0735061421768269	0	0.132663356315462	0.0576507448336343	0.000918278815480925	0	0	0.00181195780771998	0.0475982987291334	0	0.248838786962799	0.0961727229598233	0.137680668295839	0.0726071665412149	0.0153620870993415	0.082209914749176	0	0.0268505138383402	0.00137094627637284	0.02	0.181653037445119	1.01502350365567
TCGA.V5.AASX.01A.11R.A38D.31	0.0347711678775832	0	0.00326809121499098	0.182917570474737	0	0.173137301320332	0.103618111048864	0.0599267357826244	0.0514080635783194	0	0	0.0626475075650569	0	0.100058781084872	0.0606855873705845	0.0583558858466451	0.0191223253735953	0.0118567570635531	0.0640778248082824	0	0	0.0141482895899603	0.0600000000000001	0.117520518219444	1.04876498320705
TCGA.JY.A93F.01A.21R.A37I.31	0	0.00544300235383773	0.0057387538504569	0.0984881293742306	0	0.109484855978244	0.251535605655562	0.0153764464879517	0	0	0.0697627654108882	0.00146343711113467	0	0.161527710889913	0.0274419917650644	0.0835209381061085	0.00638941147188731	0.0303271992264756	0.0897386669608716	0	0.019255054561368	0.0245060307960051	0.66	-0.00685094470451036	1.07768539785161
TCGA.LN.A4A3.01A.11R.A260.31	0.13582586243643	0	0.0503551395142156	0.026527835512159	0	0.0918300238576303	0.014100718258453	0.0954208376297825	0.0117736609777398	0	0.00173817785390522	0.0136346873029124	0	0.14369681423583	0.0492683818610084	0.0466720082403419	0	0.204338085899699	0	0.0561365188164828	0	0.0586812476034097	0	0.234707933344702	0.992792319748513
TCGA.R6.A8W8.01B.11R.A37I.31	0	0	0.0279717284356138	0.0522303050610294	0	0.276981142902504	0.0658790193772714	0.122285679774953	0.0881946862293699	0	0.0533185333802647	0	0	0.168528874168055	0.0631525402314777	0.0514232433041361	0	0.00800640060325361	0	0.0220278465320718	0	0	0.3	0.047511933492626	1.08896772240939
TCGA.LN.A7HV.01A.21R.A354.31	0.12376205357876	0	0.156799236737128	0.0866071360674996	0	0.0433182725070983	0.018981310085474	0.0358808767094193	0	0	0.0507062294614008	0.00440146840417658	0.0136791394272413	0.0762456938263263	0.000774607448140145	0.12816875988338	0.0588139581781301	0.111911897814564	0	0.0542135728784071	0	0.0357357869928538	0	0.380411453308011	0.925516417833313
TCGA.L5.A43E.01A.11R.A24K.31	0.0741806498236461	0.070616203498004	0.0484472290691702	0.134166372439368	0	0.349924829445815	0.002674601128555	0	0	0	0	0.0409592206353058	0.0108798289230649	0.124024251780077	0.0360748590846437	0	0.0038248728311838	0.0464465969455145	0	0.0352855294326994	0	0.0224949549629524	0	0.246722824572855	0.994154760931337
TCGA.IG.A50L.01A.11R.A260.31	0.0155434748071901	0	0.0213135557571368	0.0249121971660233	0	0.198622154554012	0.0745000426031152	0	0	0	0.0517700827708525	0	0	0.180629476712482	0.0210490723402197	0.246507655236669	0	0.106848434473916	0	0.0527912197289642	0	0.00551263384941961	0.04	0.167292761971984	1.01877484101918
TCGA.LN.A8I1.01A.11R.A36D.31	0	0.00893546951173589	0.00449717645117338	0.278998805761502	0	0	0.208362593023033	0.0803283944383655	0	0	0	0.0705162959442601	0.0178750020953927	0.000871739250311038	0.0610282382599178	0.0617400532962122	0.0152441693316882	0.0910396860469919	0.0452008162488276	0	0.051356369753213	0.00400519058737578	0.0600000000000001	0.119860050918394	1.04965807368038
TCGA.L5.A4OJ.01A.11R.A260.31	0	0.0180736053805771	0.434416746887092	0.0175630759335913	0	0.164983024751096	0.0392728726549404	0.0172022061657892	0.0495380333473442	0	0	0.0153135312657892	0	0.117634814247552	0.0138945360407572	0.0392182662447479	0	0.0318825486802224	0.0366701070225713	0	0	0.00433663137793043	0	0.488258201080837	0.891637494282168
TCGA.IC.A6RE.01A.11R.A336.31	0.235200538154827	0	0.0902161314411806	0.107378634421119	0	0.133432206479235	0.00922480301404512	0.0324026418355669	0.0551015326794049	0	0	0.0223699911789026	0	0.0497646293556317	0.0194941118447514	0.107648488910795	0	0.0508621454751328	0.071618934346648	0	0	0.0152852108627605	0	0.460510651606681	0.886806791424181
TCGA.2H.A9GF.01A.11R.A37I.31	0.00736589308512687	0.0048744619996847	0	0.0426769683128891	0	0.133322343871476	0	0.0190961880481495	0.0582517188498328	0	0.0132625466248397	0.00652742368597974	0	0.490241350384745	0.0320129770511271	0.123451271887268	0.00818139289361369	0	0.0607354633052681	0	0	0	0	0.225998134398304	1.02561949218271
TCGA.V5.AASW.01A.11R.A406.31	0.156011846283782	0	0.0567255497725892	0.128466973652937	0	0.179034475074986	0.00372483706818547	0.0188475251805981	0.157886587577547	0	0	0	0	0.0771259909661344	0.0450002668864547	0	0	0.122560264409857	0	0.0313463603858784	0	0.0232693227410517	0.02	0.182866223684548	1.02557286100966
TCGA.Z6.A8JE.01A.11R.A37I.31	0.0582482625554327	0	0.0942292662841338	0.0211493264312138	0	0.0581242729253753	0.0283358000954545	0.00765866345224031	0.00248595753169516	0	0	0.00630146740794924	0	0.469815440124388	0.0291101181108551	0.112057434075139	0	0.0408203953175959	0.0716635956885275	0	0	0	0	0.222810738296018	1.0227376824549
TCGA.LN.A49X.01A.31R.A260.31	0.10121093797757	0	0	0.0582851503626241	0	0.225908089737821	0.000671832870865414	0.0183785182887369	0.010036768544743	0	0	0.0655157523019551	0	0.290596779371546	0.123858401148213	0.0850393614344123	0.00223423084797894	0.00318426149450959	0	0.011528342239197	0	0.00355157337982873	0.02	0.209485467750189	1.01331999239742
TCGA.L5.A43J.01A.12R.A24K.31	0	0	0.00247665200057584	0	0	0.378947864830887	0.0119745159012614	0	0	0.0115335726375892	0.0213377774533768	0.0366894800936897	0	0.0552688220668394	0.111595132160253	0.183138448320936	0.0895727220531431	0.0713390177438791	0.0257870537999832	0.000338940937585624	0	0	0.0600000000000001	0.122064208722704	1.04357708179659
TCGA.L5.A4OT.01A.11R.A28J.31	0.117616026854468	0	0.0106024681645221	0.0458838330749943	0	0.394270739013335	0.0575874825619204	0.00134228534914878	0.0259426642128593	0	0.00133911320381244	0	0.00557965776707919	0.0461846670241674	0.0799726577216791	0.147622034943818	0.0267149594319589	0.00912566584893716	0.0211779771363347	0.00736760731654704	0.00075096945396591	0.000919190920451844	0.0600000000000001	0.124162634327248	1.04083546967702
TCGA.L5.A8NH.01A.11R.A37I.31	0.222841502626436	0	0.133806520291092	0.0805969045301674	0	0.252985574350023	0	0.0455112595340192	0.00574636906348203	0	0.011388656345988	0	0.0303844139378131	0.0333187176811101	0.0423273590276327	0.00778317839788788	0	0.0181764370620192	0	0.0951123259571219	0.0200207811952081	0	0	0.408975193349515	0.916953056904846
TCGA.LN.A9FQ.01A.31R.A38D.31	0.0138361712787998	0	8.34488527388782e-05	0.0206785882834998	0	0.121457168635073	0.0411798047525501	0.0185870936237244	0.0125507532781153	0	0.00118320228791541	0.00778947265570426	0	0.205395838119765	0.0897316406496307	0.304602617276605	0.0465543739043306	0.00565106970353108	0.0672601033140408	0	0.0384110749047902	0.00504757847918577	0	0.274116356880086	0.977167493442718
TCGA.LN.A9FO.01A.11R.A38D.31	0.0155805824731041	0	0.00808456426985866	0.235770598375602	0	0.171151761868522	0.194024661719186	0.000728497926411636	0.0200112646886892	0	0.041064410214982	0	0	0.107433321278094	0.108201274231672	0.0451330195952101	0	0.0339027052710974	0	0.0189133380875708	0	0	0.04	0.154650360230218	1.03940494098823
TCGA.IG.A3QL.01A.11R.A24K.31	0.00798430841631373	0	0.00623314050637686	0.0352174637980551	0	0.300876755120939	0	0	0.0444728303382545	0	0	0.0226880686320919	0.00660548592542869	0.346830499750982	0.0139430812384084	0.0705999837667172	0.0103301457614766	0.0587534818743051	0	0.0673446838467349	0	0.00812007102391599	0.22	0.064693299035149	1.08402086806316
TCGA.IC.A6RF.01A.13R.A336.31	0.18075682684792	0.0554000240443167	0.0886856368883963	0.031855684513138	0	0.0942781954168783	0.0911583434297983	0.0544395299384565	0.00294709586911613	0	0.00648445738515836	0	0	0.161370810157118	0.0932916773908694	0.052581751782786	0	0.0341237757788567	0.0316461997454201	0	0	0.020979990811771	0	0.42089374126364	0.90681482650887
TCGA.R6.A8WG.01A.11R.A37I.31	0.0392828918348136	0	0.00685108587297253	0.0561292696012232	0	0.205231590342401	0.034166353128226	0.0661362361449305	0.101144118014519	0	0.00858898415828277	0	0	0.315262287340728	0.0461848646837271	0.0799506605585363	0	0	0.0410716583196393	0	0	0	0.0600000000000001	0.116690842674448	1.0531276716904
TCGA.2H.A9GR.01A.12R.A37I.31	0.237490603608352	0	0.172739557452766	0.0381949916215363	0	0.230679072913247	0.0179663077479827	0	0.092048736680344	0	0	0	0.00940353861182847	0.0129791523328513	0.0744381362990885	0.0575363010003551	0.0269729950877451	0.00566483400844335	0.0238857726354599	0	0	0	0	0.435441473069483	0.905278267820418
TCGA.JY.A6FH.01A.11R.A336.31	0.248235343946606	0	0.0812345178888483	0.062091951797885	0	0.184925554321745	0	0.0273139901574596	0.066244612294076	0	0	0.0519092085454402	0.000714854284587045	0.140876410230322	0.018132760141976	0.0451663104053146	0	0.0583900995676245	0.0142583825218107	0	0	0.000506003896305451	0.08	0.097705845028497	1.06588009521507
TCGA.LN.A49M.01A.21R.A260.31	0	0.00586678755707904	0.00128424030716796	0	0	0.110048769018261	0.0296758910877612	0	0	0	0.00960660987681031	0	0	0.572352854376116	0.131726261633185	0.0593768401764217	0	0.0269058597015001	0.0531558862656971	0	0	0	0.04	0.151749518190423	1.09227834888377
TCGA.Z6.A9VB.01A.21R.A37I.31	0.290749862383964	0	0.140773722350255	0.0829285999147463	0	0.176099075699993	0.0407491343246962	0.0188378094728763	0	0	0	0	0.0227029080488565	0.0860713744539588	0	0.0507966546967451	0.0259882043990377	0.0376938854235848	0.0179624788169099	0	0	0.00864629001437651	0	0.452847447820662	0.893524169877787
TCGA.JY.A6FG.01A.11R.A336.31	0	0	0.0097171937970364	0.158407475101299	0	0.0855878140785323	0.0155917427355279	0.121617811405205	0	0	0.0387537811171358	0.0103209944840009	0	0.122625512694953	0.0814631009962169	0.0127889527440946	0.0747816019000184	0.0379381738393032	0	0.182494961443152	0	0.0479108836635254	0.44	0.0260445335954665	1.08821519554551
TCGA.IG.A97I.01A.11R.A38D.31	0	0.00388405505087049	0	0.0467451371273201	0	0.105344175244628	0	0.0148855464707993	0	0	0.00395904044272734	0.0176159527295553	0	0.7295670114339	0.0311292659293417	0	6.50651630129891e-05	0.0468047504078447	0	0	0	0	0	0.682288983657745	0.731782037575274
TCGA.L5.A893.01A.11R.A36D.31	0.340056270465578	0	0.050731138528916	0.0800661272960836	0	0.179856464269981	0.0763891917333836	0.000446655086111525	0.0574220352694816	0	0.00383770659297021	0	0	0.0778567224686205	0.0502346151656963	0.0394875573376706	0.0127672481452931	0.00865904961730425	0.00477985966684801	0.0174093583560619	0	0	0	0.466982700982891	0.884427199252911
TCGA.R6.A8WC.01A.11R.A37I.31	0.0344567906986975	0	0.00731712864454043	0.0760802820419599	0	0.38999602666484	0.017094458466596	0.0190349516680186	0.0910082981616226	0	0.0233101830170993	0	0	0.0676880689920089	0.117195922898582	0.124086200457489	0	0.00621398627380107	0	0.0265177020147451	0	0	0.36	0.0370701971173758	1.0981920246608
TCGA.2H.A9GN.01A.11R.A37I.31	0.0181136187420763	0	0.000327625399846218	0	0	0.340909673176002	0.0310008990466963	0.0183499377131554	0.0281836887127698	0	0	0.0387213765949018	0.00254937940295261	0.217855993836252	0.0578995427797171	0.0894880288545905	0.000928156541074152	0.0366716088641011	0	0.0643847771917087	0.0113126309331933	0.0433030622109629	0.44	0.0225260382981358	1.08677822874684
TCGA.XP.A8T6.01A.11R.A36D.31	0	0.0166323874936092	0.161695346085866	0.0411030785961104	0	0.163221437573411	0	0.0831422634404594	0.01194872452101	0	0.00186223774080479	0	0.0143262124147156	0.0288066417217924	0.0784076978847311	0.11953299996771	0.144735932647812	0.0137088130488234	0.0959846370442779	0	0.0114589601133938	0.0134326297054732	0	0.288909359376133	0.963376273660395
TCGA.L5.A4OI.01A.11R.A36D.31	0.0206492710523403	0.0398442456788438	0	0.10792062317881	0	0.190615695938612	0.0260024555331595	0.0179176017617877	0.0311477048011022	0	0	0.0736420360401503	0.0064105396305189	0.184046329968907	0.065564556813721	0.122940669326459	0.00670446124371423	0.00473811358971269	0.0888894767194821	0	0	0.0129662187226779	0.28	0.0504307091682353	1.06556851691667
TCGA.VR.A8ET.01A.11R.A406.31	0.000867634247822457	0	0.0131372914916928	0.0404538114021557	0	0.0451793119197944	0.00911179704970289	0.0734453625386726	0	0	0	0.0297686104685756	0	0.462911418063186	0.031499142593331	0.0407756768196571	0.00297008746798962	0.0767064099883429	0.044281637378732	0	0.108756801512441	0.0201350070579041	0.36	0.0371854446113179	1.11093071972012
TCGA.LN.A49U.01A.31R.A260.31	0	0.00610224399566255	0.00761288219125193	0.0142651584091192	0	0.24802001899879	0.0838319911331877	0	0	0	0.0677700928186049	0	0	0.302972991549983	0	0.0961348048632467	0.0918297906813629	0.0576177772116331	0.011944220483143	0.0118980276640153	0	0	0.04	0.163857033863372	1.02713722249245
TCGA.2H.A9GH.01A.11R.A37I.31	0.059999070402376	0	0.00356447714651754	0.0419487061404243	0	0.318071000931368	0.0560148267146284	0.0150316110141525	0	0	0.0301756814487599	0	0	0.0121066159509402	0.0584826402607567	0.254863537733692	0.0725569210397864	0	0.0591490827307958	0	0	0.0180358284858021	0.1	0.0929561721898324	1.04120368494042
TCGA.L5.A4OO.01A.11R.A260.31	0.126086850021775	0	0.193457462472379	0.0945429258468564	0	0.202213542673024	0.0594889011646858	0.0149774330860022	0.00632445532276674	0	0	0.0267741414243261	0.00836942205656338	0.0354131955413726	0.0945574968964116	0.045103160807126	0	0.00939794912884201	0.0766312681899496	0	0	0.00666179536791965	0	0.477440355174129	0.877939315082272
TCGA.ZR.A9CJ.01B.11R.A38D.31	0.0336626678687282	0	0	0.020354552052398	0	0.263121332883881	0.107069083450873	0.0132472492820592	0	0	0.0155993225164207	0.0292761484567076	0	0.21445698327982	0.0425811906359099	0.108229478620043	0	0.0487948381913816	0	0.0469869007554743	0.0044972057289807	0.0521230462773232	0.2	0.0679739901509072	1.0604244514551
TCGA.L5.A8NW.01A.11R.A37I.31	0.0710158470073098	0	0.0128150504837574	0.108381814517397	0	0.252414959385526	0.0612255797440329	0.0371089115420861	0.0135230911169717	0	0.0205281830120782	0	0.00545503291405886	0.0364810096161968	0.069019503523439	0.194222868707931	0.0229216866685795	0.00480345181373265	0.090083009946902	0	0	0	0.0600000000000001	0.130678011246599	1.02854524730662
TCGA.VR.A8Q7.01A.11R.A37I.31	0	0	0.00581737539068241	0.181411058313581	0	0.19050536446688	0.121186270749643	0.00102861592069785	0.00221974035358592	0	0.00381512235351228	0.00318838699356736	0	0.14342574488141	0.106314575347127	0.120500820106792	0.017903238670059	0.0509201616538998	0.0450322126434037	0	0	0.00673131215515937	0.08	0.10413419039099	1.04899714302376
TCGA.L5.A8NV.01A.11R.A37I.31	0.188243018706101	0	0.0919167846336074	0.061973952160752	0	0.226451066448447	0.0086311908987043	0	0.0595667599407708	0	0	0.0262991341437821	0.000844343415339734	0.0683997125181851	0.0359931484834011	0.0711434882760686	0.0554932953061991	0.000114108329445871	0.0996425195731985	0	0	0.00528747716599706	0	0.392543879527639	0.919973902473285
TCGA.IG.A3YC.01A.11R.A24K.31	0.0500595116720419	0	0.0280382564525415	0.181598916489374	0	0.0643800300378567	0.109473129027468	0.043901266817642	0.0391300967418664	0	0.0212148505416405	0	0	0.247578272547519	0.0624585455528659	0.0809609120141747	0.0201908712819934	0.00527187359901233	0.0441694534585812	0	0	0.00157401376542284	0	0.35786497967798	0.935458855965745
TCGA.LN.A5U6.01A.11R.A28J.31	0.00816505770569312	0	0.00346529190055228	0.0760779889221182	0	0.13030392128677	0.0569893204303532	0.0553778229894846	0.0226232262361904	0	0	0.0566300421271354	0	0.289428156213494	0.0924951980399657	0.10165891708719	0.00493777660671246	0.0573668517251777	0.0444804287291628	0	0	0	0.02	0.183514593809672	1.02083123848548
TCGA.L5.A8NK.01A.21R.A37I.31	0.0277846016777282	0	0.00913243038062743	0.095655594636386	0	0.319333199457214	0.0448293765739424	0.0164831287256986	0.0191435796503499	0	0.00886269108633708	0	0	0.136666296371094	0.0473808772020768	0.0391651350103877	0.0964814826571556	0.00160388986299763	0.137477716708004	0	0	0	0.28	0.0515169882614862	1.06360138741025
TCGA.IG.A5S3.01A.11R.A28J.31	0.10960439640008	0	0.000659271431104691	0.125587415914071	0	0.147787441002635	0.0468767253775213	0.0986714681771422	0.0465312756181684	0	0	0.000165487899696962	0	0.107139527813533	0.185132573509802	0	0.0569094304280048	0.00948231931896429	0.0654526671092748	0	0	0	0.04	0.151963970587237	1.03865157958719
TCGA.2H.A9GL.01A.12R.A37I.31	0.237149502377948	0	0.0450813048608231	0.0358731137566501	0	0.334398036218141	0.0102981040932586	0.0546722613651009	0.024694589474917	0	0.0101112587875402	0	0.00278062942701961	0.0645905250161221	0.0813940687174348	0.0506122274626591	0.0302648789720822	0.00501669809003689	0.0122347051914799	0	0.000828096188786261	0	0	0.313439399701457	0.96399484877101
TCGA.VR.AA4D.01A.11R.A37I.31	0.0716553355909556	0.00379908870711143	0	0.0717991994200559	0	0.324003769701032	0.197489199022291	0.0414005600076459	0	0	0	0	0.00361704776594571	0.0999172843139819	0	0.0506320179373909	0	0.10243414774605	0.0332523497875396	0	0	0	0.36	0.0377942650024034	1.07716071397555
TCGA.IG.A51D.01A.11R.A36D.31	0.0014279853554608	0	0.00768670725053286	0.134863074945856	0	0.0600121076815412	0.11438135363864	0.0443282246352923	0.0018754779144904	0	0.030923397813805	0.0451616312946444	0	0.150287337423391	0.232871966637204	0.118463319117387	0.0127548817130509	0.00925420888157182	0.0357083256971313	0	0	0	0.12	0.0909397231262176	1.08145147737281
TCGA.IG.A6QS.01A.12R.A336.31	0	0	0.00730346968162327	0.103354836474924	0	0.216200822502424	0.115020013777464	0	0	0	0.028081442015465	0.0405857812492772	0	0.11653768815112	0.127949473244728	0.069297784876368	0.0224871249590705	0.0682441874716996	0	0.0848172245361835	0	0.000120151059652727	0	0.356168968282722	0.940160218672236
TCGA.L5.A4OH.01A.11R.A260.31	0.142047164053032	0	0	0.033842905705734	0	0.338707054021084	0.039207661655022	0.0655846116636923	0.0171050863418677	0	0.00191718994053491	0.00485984991072922	0.00754029571744188	0.052505464445725	0.0571666564331642	0.0597051243009417	0	0.132707970858261	0.0469478069748048	0	0	0.000155157977965059	0.44	0.0254655894694936	1.08600751233772
TCGA.2H.A9GG.01A.11R.A37I.31	0.138690324168724	0	0.057522968428277	0.0619985272292232	0	0.325542166936299	0.0255815167877725	0.100977841876715	0.0273725050648225	0	0	0.0208256078718316	0.00122714633798888	0.0226411400080791	0.0903121814491708	0.0566126733022885	0.0501117617120904	0	0.0205836388267182	0	0	0	0	0.238850958325859	0.999108329101682
TCGA.L5.A891.01A.11R.A36D.31	0.0216910000066722	0	0.00176481690876703	0.0237243837909672	0	0.121268772221602	0	0.0274487923698012	0.0114682961558384	0	0.0138178174776229	0	0.0298272522491214	0.0801505804994625	0	0.0909966658888659	0	0.224281885075563	0	0.19745452635244	0.11286155429718	0.0432436567060964	0.16	0.0752070207929086	1.06746352549849
TCGA.Z6.A8JD.01A.11R.A36D.31	0.363847832808138	0	0.0272891228431235	0.0333208338964162	0	0.198314792387891	0.00390982620812714	0	0	0	0.00471580624887588	0	0	0.217414221311866	0.0530319541613007	0	0.00990579973003185	0.0164806930149214	0	0.0717691173893076	0	0	0	0.467402568840285	0.884458889954928
TCGA.L5.A4ON.01A.11R.A260.31	0.0639107146838757	0	0.000115351800335017	0	0	0.380220056210086	0.00172183226044002	0.016553036492116	0.0224590788111646	0	0	0.0368383688742565	0	0.0981827936890204	0.0851690881687824	0.105471218176382	0	0.0814606427522775	0	0.0482144268309774	0.00724441395173238	0.0524389772985536	0.46	0.0145432432036297	1.08783876138457
TCGA.JY.A939.01A.12R.A37I.31	0.0716562150573136	0	0.0279410198470655	0.101424860490029	0	0.369288023320635	0.0708386305862771	0.0138864356556851	0.0151608323797591	0	0.00547521841934311	0.00624178880624491	0	0.0579522208634237	0.102526949336502	0.0695015593675419	0	0.00333288021147244	0.0847733656587079	0	0	0	0.04	0.144282328907057	1.03699630307625
TCGA.VR.AA7I.01A.11R.A406.31	0.0605803790722031	0	0.0114608363776985	0.176295007126227	0	0.148318059099384	0.166139130272135	0.0392320017045685	0.0319058321364087	0	0.058119514381287	0	0	0.040370732774259	0.126144969610229	0.0669697736444161	0.0178865986308535	0.0392098760994613	0.0173672890708693	0	0	0	0	0.341913981372131	0.946889229267085
TCGA.LN.A49W.01A.11R.A260.31	0.0834887195787982	0	0.0155826198449553	0.0676324208673997	0	0.206900969338861	0.0674210326468386	0.0421243641996854	0.0155251098516036	0	0.00301172143013166	0	0	0.0982763304389108	0.126168176205636	0.134506133638749	0.119154880179471	0	0.0104885881738759	0	0	0.00971893360508318	0.04	0.156572443899183	1.02019106018487
TCGA.L5.A8NU.01A.11R.A36D.31	0.0204330692314041	0.041931000936193	0.109314387293624	0.116027846118856	0	0.273494789494055	0.0355660012764272	0.0572732611365471	0.0970560676937646	0	0	0	0.0176057863143249	0.020157605129924	0.0616418838808494	0.0367518009415213	0.0230418088818506	0.0218736858691021	0.0540436961514041	0	0	0.0137873096501522	0	0.279703044246819	0.978315934497527
TCGA.2H.A9GI.01A.11R.A37I.31	0.208636744781682	0	0.318750890597268	0.0246618602626927	0	0.226552420566102	0.0445986015870082	0	0.0149981500033105	0	0.0274151409611701	0	0.00735113167100807	0.0310084711558681	0	0.00561500781823118	0.00579761592686029	0.0298930527599367	0	0.0462398823007349	0	0.00848102960812665	0	0.551611387561612	0.839282161902731
TCGA.LN.A4A9.01A.11R.A28J.31	0.00200724430273623	0	0.000967730163345537	0.0814466994629459	0	0.17317869209401	0.159346625773477	0.0251985708783243	0	0	0.0298425590054736	0.0154609224586068	0	0.117142321464887	0.112242353879309	0.142776916742293	0.0742835573177235	0.0368337082295392	0.0137967201981701	0.0154753780291587	0	0	0	0.395510326629595	0.918226092500648
TCGA.R6.A6DQ.01B.11R.A31P.31	0.202921551750581	0	0.149642659413267	0.0784758901723249	0	0.179358367742712	0.0125673723329217	0.019133874393976	0.00121838231505039	0	0	0	0.0117705958284989	0.0107182600507723	0.10455906927487	0.0864509793753341	0	0.0541967392075492	0	0.040925134541197	0	0.0480611236009445	0	0.402276478562609	0.919656189468019
TCGA.R6.A6DN.01B.11R.A31P.31	0.0194276357452002	0	0.00129077577659344	0.0697051995865096	0	0.272799822102966	0.0534406122558712	0.0557931183960639	0.0230262585269675	0	0.00356236570908605	0.011914943524961	0	0.140101263944481	0.0685178204685524	0.231506148710286	0.0118336069073537	0	0	0.0354348307479546	0	0.00164559759715424	0.04	0.169268617713826	1.02239737194427
TCGA.L5.A8NS.01A.12R.A37I.31	0.12484039539888	0	0.0163231943556254	0.0510259173029961	0	0.411084117522949	0.0483614891582552	0	0.0740623910294537	0	0	0.0243926592227328	0	0.0475413629977937	0.0666273115346285	0.0763877550430588	0	0.0252419014467105	0.0291043379735836	0	0	0.00500716701333226	0.02	0.19758716293168	1.01861287445919
TCGA.LN.A4A1.01A.21R.A260.31	0	0.00592264692393281	0.00262439678418442	0.0103116367133242	0	0.0932403498511238	0	0	0.00441449671792497	0	0.0226882016878705	0	0	0.680352778701621	0.0224512836362134	0.0992010796616777	0.00505588365787916	0.000396949499118124	0	0.0533402961651299	0	0	0	0.452164240870953	0.923618052879279
TCGA.2H.A9GO.01A.11R.A37I.31	0.0822969883151363	0	0	0	0	0.261342209779163	0.0375561144301453	0.0491032772994877	0.0572596676532363	0	0.0234097330637263	0	0	0.140131428646889	3.67668491824573e-05	0.10796901247412	0	0.124349379181513	0	0.032952485370655	0	0.0835929369367455	0.46	0.0148339157185078	1.07854375042116
TCGA.VR.A8EX.01A.11R.A36D.31	0.372883411077788	0	0.088332006243249	0.139144938047832	0	0.144220123396712	0.0195648642499957	0.0432306357632527	0.0221286871753338	0	0	0.0135522366069775	0.0223165761692269	0.0424449648562273	0.0525743586794353	0.0041107448171655	0	0.0293919776567183	0.00323819209046387	0.0028662831696219	0	0	0	0.482900075007431	0.879337611845532
TCGA.V5.A7RB.01A.11R.A354.31	0.0290396075642885	0	0.0158881704530637	0.0638926771807698	0	0.190998361426741	0.111897548078484	0.0739431589552564	0.0551355156641121	0	0.00820160642891714	0	0	0.105230366357232	0.072212565654265	0.0898824202279413	0.0239422984797793	0.0774971390021245	0	0.0306165889583561	0	0.0516219755686693	0.18	0.0726953673810755	1.05543595777068
TCGA.LN.A5U7.01A.11R.A31P.31	0.0180596082425418	0	0.00677950677550948	0.0300194830074293	0	0.219370946083499	0.0955955411706236	0.0243435647579468	0	0	0.020108385901221	0.0328884153075505	0	0.0852742148695887	0.0886959672148886	0.1958278951583	0	0.133355094753639	0.0496813767572616	0	0	0	0.04	0.144068690398819	1.02832808107929
TCGA.VR.AA4G.01A.11R.A37I.31	0	0.0585786530042951	0	0.104971593645253	0	0.328655967946616	0.0323065159401716	0.0341672080267772	0	0	0	0.0800386811229869	0.0142409620070805	0.0811920117104018	0.0608146688180624	0	0.0330592296089417	0.109358566731772	0.0567395314125292	0	0.00057509219188362	0.00530131783322961	0.04	0.14814385940063	1.03856997173847
TCGA.JY.A6FD.01A.11R.A336.31	0	0	0.0188586200987964	0.158900124770972	0	0.141697912886971	0.0667172964680575	0	0	0	0.0483559056011449	0.0146915283940306	0	0.0653659942358998	0.174694931625116	0.0937691485980216	0	0.154791070070269	0	0.0621574672507213	0	0	0.04	0.179365802708742	1.03967496689127
TCGA.V5.A7RE.01A.11R.A354.31	0	0.048557739675076	0	0.0673818442429185	0	0.311261359298621	0	0.022949612164107	0.0357998948146767	0	0	0.0627363245465705	0.0172380032458984	0.188888413595957	0.0468255289843035	0	0	0.0920397156234187	0	0.0847116187708584	0.0216099450375943	0	0.28	0.0511007590559886	1.07988960399867
TCGA.L5.A8NE.01A.11R.A37I.31	0.255422685304355	0	0.226947862525508	0.0997699352517775	0	0.198413446803917	0	0	0.00788700689258138	0	0	0.0171052374061663	0.021190868215723	0	0.0121674084294334	0.0677716785112255	0	0.0304105832049881	0	0.0408877989988286	0	0.0220254884554959	0	0.565295756454699	0.824449619246023
TCGA.L5.A4OG.01A.11R.A260.31	0.0385958491170317	0	0.0473300661168886	0	0	0.333402578721105	0.111694421786913	0	0	0	0.0851803558699261	0	0	0.203432226110961	0.0947378268959155	0.0130536450379553	0	0.0491645805405254	0	0.0130877333456036	0	0.0103207164571752	0.0600000000000001	0.1195530962966	1.04337549979911
TCGA.L5.A88Z.01A.11R.A36D.31	0.0557917996180096	0	0.0225760525240098	0.046293229993844	0	0.0691026853842318	0.0674879633717729	0.040011282841543	0.000567625630236518	0	0.0186473970541348	0	0	0.337036130136265	0.028293572841781	0.166404997710748	0	0.0799394612662641	0.0186432361050376	0.0205174973675359	0.019636623968741	0.00905044418584436	0.16	0.0784853393066978	1.06816268424529
TCGA.LN.A4A8.01A.32R.A260.31	0.0524685946981818	0	0.00509322029682403	0.0617648458972291	0	0.233617050242448	0.0752842168318713	0.061896273138168	0.0483255260599745	0	0.0694330928282031	0	0.0051909742742078	0.0295892567162621	0.0829412548862958	0.0252667114777324	0.0428546644038776	0.147195037619736	0.0590792806289894	0	0	0	0.1	0.0948272285285546	1.05638704933347
TCGA.LN.A49S.01A.11R.A24K.31	0.0735008462830737	0	0.0579421592200213	0.0982133221322266	0	0.121247201897913	0.115454249319808	0.0592765363829448	0.0232730632946824	0	0	0.00899724237929944	0.0131150211455173	0.0192474482874947	0.10402035212728	0.0511324361242474	0.0539888576655478	0.119783657707766	0.0745542806092651	0	0	0.00625332542291203	0.04	0.152487165688285	1.02180478108829
TCGA.L7.A6VZ.01A.12R.A336.31	0.0671592140292161	0	0	0.163957808694286	0	0.141832590999329	0.0124528216201568	0.028714306312027	0.0755762699095445	0	0	0.0361367303918182	0.00359310880578184	0.132290900390889	0	0.144015745389737	0.00149772416408922	0.160684486809994	0.0164199757786751	0	0	0.015668316704455	0.28	0.0485974968596688	1.07176509102504
TCGA.JY.A93E.01A.11R.A37I.31	0.099200409165708	0	0.0569424267322852	0.0795655601251545	0	0.274471388830859	0.0577138775064967	0.00706927006848303	0.0433713036933226	0	0.0360438650668026	0	0.00371908804330817	0.0707649303820247	0.0868171908351065	0.137819155768136	0.0206188284441288	0	0.0220346870720849	0	0	0.00384801826609915	0	0.243272065915401	0.98625568344109
TCGA.LN.A49Y.01A.11R.A260.31	0.197190356495545	0	0.0209571723167769	0.217501070712405	0	0.110243804968126	0	0.0331457668647452	0	0	0	0	0.0144248197823999	0.170923170694391	0.0175489143086277	0.158506036591615	0	0.0232525130403423	0	0.034942812318678	0	0.00136356190634705	0	0.262731401223799	0.981496671474903
TCGA.JY.A938.01A.11R.A37I.31	0.0062754412243804	0.0297072858486441	0.0618827291438411	0.15083345000835	0	0.17297162140662	0.121404271666383	0.0353873803619608	0.0594131270550275	0	0	0.019598793981377	0	0.0542039145606583	0.0983179114001969	0.0610132922135788	0.00186917195560848	0.0371830716037604	0.0569901387307703	0	0	0.0329483988388428	0.04	0.156960677200225	1.02488274602941
TCGA.VR.A8EZ.01A.11R.A36D.31	0.0389417448890157	0	0.0482821180120779	0.125812662996788	0	0.0764854851026656	0.085571207600388	0.0673543438613363	0.0239450154237075	0	0	0.0344877917078341	0	0.0708979743640321	0.168803836840531	0.187810369904248	0.0219458029992726	0	0.0496616462981037	0	0	0	0.02	0.218215498373502	0.999452864235529
TCGA.VR.A8EY.01A.11R.A36D.31	0.0229860466461933	0	0.00738160938429286	0.0505009215600433	0	0.127234124406191	0.0360015302082707	0.0229950148558573	0.01195223988167	0	0.00265579499312898	0.0140671338821393	0	0.250387158945879	0.00522365552816745	0.207100316530735	0.0482251573880487	0.0898849300809458	0	0.103404365708438	0	0	0.04	0.178346853566718	1.02233297870959
TCGA.V5.AASV.01A.11R.A38D.31	0	0	0.00487072462438326	0.0261622171760728	0	0.132764096487838	0.185128362067197	0.0792824831748994	0.0196832401950994	0.0206889450497663	0.153044206291022	0	0.00496230331196704	0.0758434503378532	0.088229606658525	0.105034617881145	0.0301356638763147	0.0224969350713388	0.051673147796577	0	0	0	0.42	0.0294206768744124	1.07766200464621
TCGA.L7.A56G.01A.21R.A260.31	0.00257569268610545	0	0.0400004497970504	0.102012112218861	0	0.216404212082917	0.0421553075690639	0.146961146709715	0.0532220789472834	0	0	0.0144382889356823	0.00652715378753324	0.0406357850376601	0.162221203972095	0.0152971334229506	0.101947181503217	0.0286098554662244	0.0230300901937411	0	0.0039623076699002	0	0.0600000000000001	0.135356078244648	1.05148718946444
TCGA.S8.A6BV.01A.21R.A31P.31	0.0292142785058347	0	0	0.00960682595420311	0	0.106484002936628	0.035295193804498	0.00626004154787464	0.0326894948287048	0	0	0.00617126122488584	0	0.356078182911127	0.0768137870270703	0.25444279538274	0.0154703155541579	0	0.0712479523235931	0	0	0.000225867998681993	0.02	0.216880536917366	1.01741262146133
TCGA.L5.A88V.01A.11R.A354.31	0.0787010986577321	0	0.014227055267016	0.03516229146905	0	0.248002758842892	0.0404391736778663	0.0490770268340684	0.0251981140952225	0	0.0439879712580862	0	0	0.0824528285203517	0.0733959451002008	0.201245814733178	0.014442601238961	0.0593590105714045	0	0.0289641687235282	0	0.00534414101044299	0.28	0.0510427646346323	1.06211048916739
TCGA.LN.A7HW.01A.22R.A354.31	0.0043670522197219	0	0.00279467240888986	0	0	0.162403656713649	0.0547620137268735	0	0	0	0.0647703573399194	0	0	0.477595462389807	0	0.0945425955910707	0	0.0762048349802454	0.0546009999056382	0.00795835472418457	0	0	0.02	0.196976508544262	1.03619014133039
TCGA.2H.A9GM.01A.11R.A37I.31	0.0655949123677668	0	0.00876532230893282	0.0151689866527143	0	0.341206905995232	0.0265650705286266	0.0418465447704895	0.0750549638943962	0	0.0221383000253436	0	0	0.145259416267755	0.0958487661810306	0.0637277801697842	0.00246242201541713	0.0146386641972644	0.0817219446252471	0	0	0	0.18	0.068909510081485	1.06500435961656
TCGA.L5.A88Y.01A.11R.A354.31	0.0171407588484032	0	0.00171237305289383	0.0181990882988469	0	0.194771812472137	0.0178759573477792	0.00594534187791223	0.0826020182118077	0	0.0246823754565146	0.0107565489556405	0	0.203420136262494	0.0355563910042508	0.235084927143181	0.0107099691183807	0.0273006800602513	0.0317082859462376	0	0	0.0825333359432702	0.0600000000000001	0.116011009252867	1.044277697781
TCGA.L5.A8NQ.01A.11R.A36D.31	0.0359833378742892	0	0.00508230035319282	0.12972137564479	0	0.156067432631854	0.0226380516551369	0.00285570785403063	0.00837078407738831	0	0.0446869931720251	0.0358447000073227	0	0.1604714165051	0.150259287281116	0.141357174442875	0	0.0139624820543968	0.0901760272865522	0	0	0.00252292915993073	0	0.295822693095647	0.966820051191324
TCGA.R6.A6KZ.01A.11R.A31P.31	0.105531354386473	0	0	0.102145998658294	0	0.252481267861755	0.0300402432772546	0.0248823417355949	0.120071544968192	0	0	0	0.021223537004997	0.176109913493979	0.0765521652134179	0.0472904320458877	0.0109513249391182	0.00206062967298881	0.00706183123486807	0.0235974155071796	0	0	0.04	0.161405791498916	1.03021530554495
TCGA.LN.A8HZ.01A.11R.A36D.31	0.0725031591291005	0	0.045226381240155	0.0460660910933696	0	0.149629557781189	0.0707599182777411	0.00360470099256804	0.00355987025208722	0	0.0370078029284931	0	0	0.295856682125827	0.0473731070048106	0.060824508498325	0.0415314080715987	0.0477895555453623	0	0.0371348943305505	0.041132362728822	0	0.04	0.164195701720605	1.02064882294767
TCGA.L5.A88S.01A.11R.A36D.31	0	0.0101146800059395	0.00498599273571786	0.0721643009032503	0	0.055683988287731	0.0022841742108011	0	0.0230358257404324	0	0	0.0226536386350485	0.0275455172049245	0	0.0607464167793298	0.561926100807067	0.00141148308624333	0	0.13826421719832	0	0	0.0191836644051945	0	0.327124550968426	0.955029964354855
TCGA.IG.A4P3.01A.11R.A260.31	0.0966183491194222	0	0.0464002873791653	0.174752179828049	0	0.10296114389327	0.140688131425248	0.0721168763040157	0.0386155619235154	0	0.0354969383894757	0	0	0.0545981376974003	0.0786287718475302	0.0469864518057942	0.0161760554834327	0.0512455587218337	0.0440284469578459	0	0	0.000687109224001213	0.02	0.216340763302532	0.999441624523877
TCGA.VR.A8EQ.01A.11R.A36D.31	0.00427070457886888	0	0	0.0431373427167746	0	0.200443539837886	0.0316818024843326	0.00536581120609955	0.0937863101624139	0	0	0.0503752480780344	0	0.277793409118886	0.015382632457991	0.0995793657019112	0	0.0518062981517585	0	0.118624692680733	0	0.00775284282430987	0	0.319630614059059	0.959437462234962
TCGA.LN.A7HY.01A.12R.A354.31	0.0261953631297081	0	0.0963197976897489	0.0449278116048697	0	0.34616880033274	0.0217458163447006	0.0165883057027085	0.0159325807030119	0.0129271414066499	0	0.0494328198109494	0	0.079013873657648	0.0499150605446898	0.14713037359152	0.0157056395960164	0.00395639846981759	0.0740402174152216	0	0	0	0.04	0.169913031511175	1.0170968326774
TCGA.IG.A3YB.01A.11R.A36D.31	0.0121664923867061	0	0	0.183652073631868	0	0.10971350675371	0.057285964900371	0.0321478094709083	0.125653945599172	0	0	0.0148358463786334	0.0386159426558256	0	0.103792124913009	0.15994740678374	0.0595903085268793	0.0320453666540643	0.0705532113451144	0	0	0	0	0.298307005019139	0.963248461278969
TCGA.LN.A4MQ.01A.11R.A28J.31	0.0602885295980274	0	0.0224679473957995	0.0206433441301666	0	0.0970407965630744	0.0636305159470844	0.0116028837924353	0	0	0.0238688937467685	0	0.00503192624592295	0	0.0891623255216555	0.0976831430246276	0.17641486462172	0.085987280812569	0.146556308415324	0	0.0996212401848257	0	0.66	-0.00788240006282301	1.07043944573421
TCGA.L5.A4OM.01A.11R.A260.31	0.0257156850333957	0	0.0054389258181748	0.0385843026821503	0	0.217915015877325	0.129636184885527	0	0	0	0	0.0623578417617361	0.0235441483251388	0.12842891218872	0.0967620265389546	0.00590353779834852	0.0407870833503823	0.0590432415317695	0.127258751381256	0	0.0339104370941821	0.00471390573293884	0.24	0.0611192493224072	1.0551382772026
TCGA.L5.A4OU.01A.11R.A28J.31	0.0861384556602113	0	0	0.130217542969685	0	0.102030372581323	0.200428160824119	0.027089555987406	0	0	0.0385453596508642	0.014284829755359	0	0.0541590029009953	0.116779150980539	0.119218358672205	0.000906005964915155	0.0195187417669041	0.0837369839121984	0	0	0.00694747837327579	0	0.255894567794644	0.978393802665446
TCGA.IG.A7DP.01A.31R.A336.31	0.0561571976075167	0	0.0961731386893678	0.218957664104053	0	0.182122098411437	0.0915775702111322	0.022305087999546	0.0331381119617431	0	0	0	0.0105878281992167	0.035887212549502	0.13107878045698	0.0726838844146076	0.00794103526868853	0	0.0413903901262094	0	0	0	0	0.265857001836728	0.983819152637835
TCGA.L5.A4OW.01A.11R.A28J.31	0.119355291438714	0	0.0170446910783906	0.0247892829443036	0	0.363370414668593	0.113660321378223	0.0634261724996737	0.01111809044428	0	0.0308454903467011	0	0	0.139857369423589	0.0540627795623537	0.029950759632092	0	0.0277957902282433	0.000193261414977918	0	0	0.00453028493986464	0.04	0.175685206177054	1.02366623927661
TCGA.V5.A7RC.06A.11R.A406.31	0.0189379591051382	0	0.00569520311627696	0.158171268955632	0	0.175112744748553	0	0	0	0	0	0.0504301568110787	0	0.28312299507845	0.00868936598948555	0.083461050833255	0.11795977317091	0.0177225913961046	0.0645291098436559	0	0	0.0161677809514594	0	0.262016684474412	0.982887395169736
TCGA.L5.A4OS.01A.11R.A28J.31	0.0383724922663766	0	0.0210764043714171	0.044011988301455	0	0.183596695980599	0.0714161267729991	0.0558672676288377	0.00437511783316604	0	0.0337693004367937	0	0	0.258523561339154	0.0525565510313136	0.159633318404404	0	0.00896089052596197	0	0.0588322875022529	0	0.00900799760526956	0.08	0.0981557067932414	1.05093406258651
TCGA.IG.A8O2.01A.11R.A36D.31	0.0336327459648663	0	0	0.330256454240628	0	0	0.115229219222307	0.146508868282576	0.00388272989576665	0	0	0.0455226801422485	0.0141446063359317	0	0.056975796576326	0.0897672556517152	0.0393944772642311	0.0514514108551489	0.0732337555682552	0	0	0	0	0.306335229671064	0.965064686648689
TCGA.LN.A8I0.01A.11R.A36D.31	0	0	0	0.0568776287121013	0	0.169415641301004	0.0507502045780432	0	0	0	0	0.0588549152892324	0	0.193994311531915	0.0699156060501779	0.197064882591087	0.0323391123395679	0.0967833853229388	0.0722002641815679	0	0	0.00180404810236445	0.0600000000000001	0.114541602424442	1.04357867339567
TCGA.JY.A93C.01A.11R.A38D.31	0.141000264443118	0	0.232602628974412	0.0741851455672368	0	0.173496022302181	0	0	0.0416056862692109	0	0.0125582344433322	0	0	0.177397663924386	0.017542707201974	0.0693639027542566	0	0.00720947644251088	0	0.0468354685202564	0	0.00620279915712542	0	0.440634994966647	0.901262282138899
TCGA.RE.A7BO.01A.11R.A336.31	0.0779398281582004	0	0.00502837721455647	0.00407723253505456	0	0.128284067859003	0	0.000967066282564287	0.0453316404007485	0	0.0192224303864272	0.018844567769331	0	0.252345691246017	0	0.170279064071424	0.0221275909954511	0.136462821577377	0	0.0385633960773451	0	0.0805262254265008	0.02	0.18661929693484	1.01729837496477
TCGA.VR.A8EP.01A.31R.A406.31	0.060439752821035	0	0.00412278687441867	0.093263900441126	0	0.0993633519181281	0.0244112073913517	0.0566620925038696	0	0	0	0	0	0.379963138407681	0.0884795678201359	0.0956913419851332	0	0.0276621591755048	0	0.0590148443488211	0.00749731410852714	0.0034285422042677	0.14	0.0839407035516134	1.07734242316551
TCGA.LN.A5U5.01A.21R.A28J.31	0.047314895123888	0	0.0224735823077505	0.0615317067180281	0	0.177643825018006	0.0803949050522667	0.0447529880635183	0	0	0	0.0331533597265662	0	0.0237026390438446	0.0374489767087417	0.190717414715035	0.0287469461060914	0.151116168246783	0.0904844833384947	0	0.0105181098309859	0	0	0.223294698766719	0.988015448089302
TCGA.L5.A8NI.01A.11R.A37I.31	0.0388190326225467	0	0.00318124828884221	0.167911926546767	0	0.294065395891552	0.10986229839122	0.0523431736566801	0.0497639328055899	0	0.0135616818666954	0	0.00527213166009576	0.00300073062981032	0.0597396722245646	0.117956055281435	0.0567825126336628	0	0.0135109933651495	0	0.0142292141353896	0	0.0600000000000001	0.128085771358436	1.05083783746453
TCGA.XP.A8T8.01A.11R.A36D.31	0.0107669144264643	0	0.00592995144034246	0.16978325651209	0	0.150860116268097	0.215734111680248	0.0332932993230622	0	0	0.0622136570235977	0.00679940983751171	0.0171986998678976	0.0395554423220307	0.0371083372481737	0.0307484112160086	0.0559103984806078	0.0896693885542958	0.065866319711613	0	0	0.00856228608795887	0.0600000000000001	0.127374743333298	1.03586981786038
TCGA.LN.A4A5.01A.21R.A260.31	0	0.0277260998382329	0.00777654173016765	0.0315800813416978	0	0.194062040999898	0.0309953108345575	0.00441200895718853	0.00139267981701807	0	0.0365973133449197	0	0	0.185835780740799	0.0639057122770763	0.106580605017261	0.177816366055706	0.0869218031972651	0.0443976558482128	0	0	0	0.0600000000000001	0.122516244868806	1.03490409898
TCGA.IG.A625.01A.11R.A31P.31	0.0944704529966107	0	0.00470003895344916	0.127850024753313	0	0.156016233984784	0.0616570819704055	0.0225494590122306	0.0429566214711349	0	0.0103574009372126	0	0.00620442480997967	0.0300643507598521	0.10954561879876	0.11642191463739	0.0791893220466994	0.0335063003068071	0.0819707926525378	0	0.0225399619088326	0	0.04	0.161313890411938	1.01466203881995
TCGA.R6.A6XQ.01B.11R.A336.31	0.0846108022697159	0	0	0.0732181681995911	0	0.30569456257886	0	0	0.141587145825236	0	0.00146865446547291	0	0.0280145434019211	0.0817947568709934	0	0	0	0.117880409761141	0	0.142229562975632	0.0207358955710308	0.00276549808040618	0.44	0.0181046066263872	1.09574788457102
TCGA.R6.A6XG.01B.11R.A336.31	0.169506912808045	0	0.0328247576588208	0.111084297017739	0	0.272273618135768	0	0	0.00753393222897866	0	0	0	0.000759080839390259	0.116980928571631	0	0.139056668563542	0	0	0	0.149979804176085	0	0	0.18	0.0736639234062073	1.06649620959948
TCGA.VR.A8EW.01A.11R.A36D.31	0.0582696074007446	0	0.0274684352165633	0.0177317270811541	0	0.103293382161836	0.0178824298802967	0.0556048597651895	0.0181951608878678	0	0	0.00149019786948615	0	0.37820629613168	0.0139786513448247	0.13583705006569	0.0965523448074783	0.010787130978911	0	0.0632497882967272	0	0.00145293811155103	0.04	0.174583593518802	1.03503532806312
TCGA.L5.A4OX.01A.21R.A28J.31	0.15032936682821	0	0.0176936314578683	0.135325968523092	0	0.185899606322736	0.118168238688436	0.0547852937989031	0.00717890347436489	0	0.0360365177770155	0	0.00604176299521099	0.0215822849199111	0.0559809609526707	0.0625023722686477	0	0.104732166101739	0.0437429258911954	0	0	0	0.04	0.175512150358607	1.01813254094134
TCGA.L5.A8NN.01A.11R.A37I.31	0.120818677598799	0	0.0111888328735449	0.160331386387889	0	0.0773802062128201	0.0166364804162623	0.100416829500751	0.0133113377523846	0	0	0	0.0190642150521338	0.0568216951705928	0.0983423354203951	0.23585660904108	0.0106726073631652	0.0128487091600816	0	0.0567945426358251	0.00951553541427477	0	0.0600000000000001	0.120092955461206	1.03661347846376
