B cells naive	B cells memory	Plasma cells	T cells CD8	T cells CD4 naive	T cells CD4 memory resting	T cells CD4 memory activated	T cells follicular helper	T cells regulatory (Tregs)	T cells gamma delta	NK cells resting	NK cells activated	Monocytes	Macrophages M0	Macrophages M1	Macrophages M2	Dendritic cells resting	Dendritic cells activated	Mast cells resting	Mast cells activated	Eosinophils	Neutrophils	P-value	Correlation	RMSE
TCGA.06.2565.01A.01R.1849.01	0.00507217482751181	0	0	0	0	0.19378767286857	0	0.0117691676354043	0.00527440890641344	0	0	0.0563813932843158	0.00845087383041761	0.0431088433025138	0.0715543289273971	0.558773255285962	0	0	0.0421068488662586	0	0.00372103226523534	0	0.14	0.0793759712043166	1.07562240229447
TCGA.28.5208.01A.01R.1850.01	0.00343281196950561	0.000509366919239238	0.000499326523416692	0	0	0.0595411470081259	0	0.0432174107650043	0.00381071542314732	0.0197806071018151	0	0.0520116455159111	0.17536441379137	0.0574188758841786	0.0115085716435251	0.441381124257678	0	0	0.121423297273821	0	0	0.010100685923262	0.02	0.135642073138437	1.04200360742434
TCGA.27.1834.01A.01R.1850.01	0	0.00533712513301784	0	0.0317777186812321	0	0.122235069503481	0	0.0210002079412254	0	0	0	0.0272810171109824	0.281719770570216	0	0.114913372616606	0.265902554916013	0	0.00118700784716251	0.0646097420527887	0	0.064036413627276	0	0	0.182857129211483	1.01576952610487
TCGA.14.0817.01A.01R.1849.01	0.00140565309862663	0.000815501590024853	0	0	0	0.0586283444437635	0	0.0109385135675825	0.00125572048768944	0.0359093614326784	0	0.0245263054481455	0.189537430577002	0.059736747782412	0.0296868172790512	0.485128776349117	0	0	0	0.0892818049715869	0.0054094408375062	0.00773958213481355	0.02	0.149413177716451	1.04991571607127
TCGA.02.2486.01A.01R.1849.01	0.0331177451898783	0	0.00159614805256325	0.0847485344611458	0	0.128943100066905	0.0131983334115219	0	0.00390537447560795	0	0.00343289027544977	0	0.320519515518841	0.0259278931513726	0.0618112524543661	0.234436967247429	0	0.0143803523267089	0.0212438285554803	0	0.0107002258222607	0.0420378389904692	0.2	0.0556249922362872	1.07118097633589
TCGA.19.0957.02A.11R.2005.01	0.00162679749119197	0.00118315596822882	0	0.0778209417507619	0	0.103449069675307	0.0127397265025297	0	0.00632495851420035	0	0.0594885163629137	0.00883387410767788	0.135905731326646	0	0.00150396131888921	0.544519429045824	0	0	0.0370770721316521	0	0.00142166231698236	0.00810510348719532	0.2	0.0497298161661097	1.0850487837206
TCGA.06.5859.01A.01R.1849.01	0.0339395824509519	0	0.00106105933528152	0.0222588012015045	0	0.154822023795538	0	0.000991711498740635	0	0.0204859822292686	0	0.0107857999261531	0.191394877066302	0	0.0320255717771582	0.515064561708853	0	0	0	0.0139211703930807	0	0.0032488586171686	0.02	0.134531323102964	1.04854237597259
TCGA.76.4925.01A.01R.1850.01	0.00668673165144953	0	0	0.0524901373527465	0	0.0182729331158502	0	0.00260663576260399	0	0	0.0293865744948954	0	0.107962903368934	0.362636277849758	0.0306636692042658	0.343715696821101	0	0	0	0	0.0220878324279331	0.0234906079504613	0.04	0.12493652654348	1.0859781817854
TCGA.14.2554.01A.01R.1850.01	0.00326299865716819	0.000116962680694124	0.00010846937036762	0	0	0.278839409529978	0.00515591995215435	0.000593379500165812	0	0	0.0817503234348042	0.00613943380441096	0.188030468492196	0	0.00793725984262913	0.385845830913992	0	0.00359837709862939	0	0.0116503739040805	0.0170401510405486	0.0099306417781816	0.26	0.0347839347890976	1.078709424529
TCGA.06.2558.01A.01R.1849.01	0.00417269392209854	0.00108202352280543	0	0.0173408041166592	0	0.0729080755741135	0	0.0038231574775949	0	0	0.0199970697780876	0.00717816625752497	0.122144706626771	0.198285165747768	0.011617567399688	0.439008549573206	0	0	0.0255318506028898	0	0.0426146051662072	0.0342955642345857	0	0.24539895626661	1.00633177139152
TCGA.06.0211.01B.01R.1849.01	0.024028241977067	0	0	0	0	0.069138086097991	0	0.00709567271487766	0	0	0.0401337382224778	0	0.0286856249546866	0.284250600115927	0.0225840180825031	0.489979814486625	0	0	0.0241192019998816	0	0	0.00998500134796261	0	0.213029308650781	1.03731617716906
TCGA.32.4213.01A.01R.1850.01	0.00373542287397314	0	0	0.0153068399652041	0	0.135477976888365	0.00170334716149915	0.0149922742369253	0.00428592492158861	0	0.00312338053729301	0	0.11763803381274	0.109908939750516	0.0990855959727696	0.433957679888416	0	0	0.0457963651746456	0	0	0.0149882188160646	0.12	0.0867284127706386	1.06994590480624
TCGA.14.1034.01A.01R.1849.01	0.0146421431908375	0	0	0.0290581834558484	0	0.110837550038584	0	0.000969323064002236	0	0	0.00474220152846642	0.0039310275577824	0.372913921210503	0.0514088411413678	0.0275899415118729	0.341644489887075	0	0	0.01522443876355	0	0.00204254388523591	0.0249953947648737	0.2	0.053740265168106	1.09301849158998
TCGA.27.2526.01A.01R.1850.01	0	0.0200421735729421	0	0.225125876647965	0	0.0354887064039408	0	0.021870682419433	0	0	0	0.081091581734395	0.0479927485558738	0	0.102526727027437	0.317756212844748	0.0110036574282126	0	0.122583230008239	0	0.0112782059944336	0.00324019736238064	0.14	0.0796456473688568	1.05645748090663
TCGA.28.1753.01A.01R.1850.01	0	0.000976552663938355	0	0.00448491621148929	0	0.0134167174683592	0	0.0115037656134925	0	0.00684125752197953	0	0.0107345687751927	0	0.505725612127686	0.0178410160164767	0.42533017416513	0	0	0.0011216208909537	0.0020237985453012	0	0	0	0.61058430651167	0.796331319517018
TCGA.06.0130.01A.01R.1849.01	0.010480006370027	0	0.00104404802782052	0.0116974552163322	0	0.171254896811514	0	0	0.00251338847057569	0.042954622639188	0	0.0287763153049063	0.166640895384985	0.0020063724518353	0.113354342746035	0.416367800721978	0.00975894368740474	0	0.0183119441377746	0	0.000432270006809711	0.00440669802281383	0	0.41237160441969	0.911503990530295
TCGA.32.1982.01A.01R.1850.01	0.0198729509326302	0	0.00196536820563114	0.0366185946335996	0	0.145295576580128	0	0.0234802893494198	0	0.0233771672751684	0	0.079242274564389	0.14723170767214	0	0.0360259056905086	0.352104786008844	0	0	0	0.0696013025371749	0.0440814866480422	0.0211025899023241	0.2	0.0504360305068855	1.06905597189797
TCGA.32.2632.01A.01R.1850.01	0	0.0299774855388672	0	0.0240014052402917	0	0.136794880376457	0	0	0.0134117001678975	0.0238882669290616	0	0.0640837499430371	0.149290967951862	0	0.0503956437605691	0.402775223847938	0.000114688101925425	0	0.0960353833995218	0	0.00318327336884276	0.0060473313737292	0.2	0.0462203389874575	1.06771884497877
TCGA.06.2559.01A.01R.1849.01	0	0	0.00133267560633366	0.0198960373689389	0	0.0549136869888745	0	0.0145479105516537	0.0139805312447675	0	0.0209867780239629	0.0163633986513395	0.00744624472289594	0.382935766267348	0.0150947560054403	0.440655528618644	0	0	0	0	0	0.0118466859498011	0	0.179390711261654	1.0706335788803
TCGA.19.2620.01A.01R.1850.01	0.00203829512600246	0.00456994859205593	0	0.0525998275110547	0	0.18428344713763	0	0.0112552631434146	0	0	0	0.120366928722841	0.167882353339753	0.0116563737376708	0.00602090196262373	0.174520804138386	0	0	0	0.12766851727746	0.111180008361135	0.0259573309499717	0.48	0.00749676946106521	1.09331431470274
TCGA.41.2572.01A.01R.1850.01	0.00452950996309247	0	0	0.010713003144055	0	0.131934512393347	0	0.00112029450698481	0.00109630981381653	0	0	0.0499639290959232	0.00326951584576102	0.0413409913671644	0.047802207169277	0.511560185928322	0	0	0.134815012706024	0	0.0465810032894613	0.0152735247767709	0.18	0.0606256940302891	1.07429101949094
TCGA.06.0190.02A.01R.2005.01	0.00248137026828823	0.00425830213223973	0.000469681778459135	0.0455429718366756	0	0.11516977623453	0.0606928460579147	0	0.0182139898305303	0.00379403619262509	0	0	0.024054160746238	0	0.0139846090995202	0.56703429046611	0	0	0.0980018373895736	0	0.00713550740303918	0.0391666205642568	0.18	0.0724438259476901	1.07044538981126
TCGA.06.0187.01A.01R.1849.01	0	0.00382119741765475	0	0.0638887113556786	0	0.0573987164347072	0	0.0117789788410636	0.00901583246523579	0	0.0507495652485684	0	0.127198926772795	0.087589207677276	0.0157448176223252	0.401438709387675	0	0.00240684600494112	0	0.0949105153036022	0.00806100122650104	0.0659969742419762	0.18	0.0678462759020163	1.07551828773013
TCGA.06.0743.01A.01R.1849.01	0.0108606284637577	0	0.000278534152328783	0.0672137541284644	0	0.0571815727819125	0	0.0105835558100342	0	0	0.00967308112037446	0.00690619159657345	0.0931157014441285	0.323553114702906	0.0369545443563309	0.354827797661175	0	0	0.0220611451525099	0	0	0.0067903786295035	0	0.209282455030106	1.03002557258822
TCGA.19.1787.01B.01R.1850.01	0	0.0121907903365061	0	0.0203850024194914	0	0.0989484859161781	0	0.00710590333029428	0	0	0.0235183815089177	0	0.055462052899879	0.277098250494918	0.0728160713298729	0.384215289842701	0	0	0.0431085747132208	0	0.00115973563615089	0.00399146157186982	0	0.188498619177339	1.03534237990841
TCGA.27.2524.01A.01R.1850.01	0.00226749429416667	0	0.00251267442485592	0	0	0.0500634144873312	0.0086376761326569	0.0420667967125761	0.00599985292894717	0.0389912711299364	0.0497790480569571	0	0	0.500794536492036	0.0189721988266148	0.211773296961802	0	0	0	0.0639065254680342	0.00364805409711604	0.000587159986969797	0	0.271441084317833	1.01485229500504
TCGA.76.4932.01A.01R.1850.01	0	0.00446151312732095	0	0	0	0.125210096302246	0	0	0.0198558510229577	0	0.00163757696347799	0.0444891906050608	0.295202383333064	0.0281454639570934	0.025811187245054	0.402018398126689	0	0.000646984559284419	0.0366729344959542	0	0.00869625716955327	0.00715216309224403	0.22	0.0386399087249723	1.08963386279694
TCGA.06.5416.01A.01R.1849.01	0.000845363451069919	0.00741259155085737	0	0.127969443779788	0	0.00657169500132803	0	0.0276578348198413	0.00320846756036749	0	0.0782312866611629	0	0	0.543505842799803	0.0201779004388526	0.160423120820954	0	0	0.015533088967182	0	0	0.00846336414879323	0	0.260462123166243	1.02325019789743
TCGA.06.5408.01A.01R.1849.01	0.00872373639716046	0	0	0	0	0.131628366434924	0	0.0209478110911748	0	0	0.0252595254147048	0.00241154028203695	0.309472963960396	0.0369539976350254	0.0520643130448018	0.339390881210237	0	0	0.0354096816413133	0	0.013185001049249	0.0245521818389764	0.28	0.0312962464058879	1.08926132094975
TCGA.06.0686.01A.01R.1849.01	0	0.00726813029968256	0.00282679228795398	0	0	0.106662477071134	0	0.0357401370394643	0.0289350386151406	0	0.0696945984047136	0	0	0.384710826302949	0.0102250936143088	0.328067090071572	0	0	0.0116046199889586	0	0.000248422186891893	0.0140167741172311	0	0.335645457523771	0.965520953672458
TCGA.27.2528.01A.01R.1850.01	0.018119300481846	0	0	0	0	0.0921170811984288	0	0.0240590299983079	0	0	0	0.00210906572073697	0.0428046429909473	0.360597903660908	0.0636305738578433	0.347676523510195	0	0	0	0.0468769139469178	0	0.00200896463386921	0	0.197050384498876	1.04535964840912
TCGA.26.5139.01A.01R.1850.01	0	0.00365765573475963	0	0	0	0.0754430073716294	0.00304005136961644	0.00814207393721392	0.0183200171198035	0	0.0918527727036777	0	0.0346814181070825	0.25364432024461	0.0180112163387138	0.427744819847747	0	0	0	0.0545007533737001	0	0.0109618938514463	0.04	0.120837521587937	1.07134151883993
TCGA.06.0744.01A.01R.1849.01	0.00208681397551603	0	0.00561509579707372	0.0433268002387643	0	0.0987444707300567	0	0.0384495077409642	0	0	0	0.0327212577283464	0.213177606816368	0	0.0394160759307131	0.488093622082232	0	0	0	0	0.0376230370589159	0.000745711901049557	0.0600000000000001	0.115573708566961	1.05595794733766
TCGA.06.1804.01A.01R.1849.01	0.000984581345896374	0.00534024065832331	0.000707538991493182	0	0	0.0952797322110535	0	0.00418997273668539	0.00244926773139979	0	0	0.00604304812080681	0.0182868059035597	0.163181767496711	0.195467520042539	0.213258156885067	0.0153924733505617	0	0.163064909787768	0	0	0.116353984738135	0.16	0.0749737746666858	1.08526370456228
TCGA.06.2563.01A.01R.1849.01	0.0157618279972224	0	0	0.0260809185987907	0	0.139688253532263	0	0.0261440072755749	0.0118375956235625	0	0	0.0382251824483221	0.0451255878820138	0.128763225480922	0.0828007541131929	0.410951414391525	0	0	0.0345839001646331	0	0	0.0400373324919778	0.04	0.124609620716482	1.04771149936238
TCGA.16.1045.01B.01R.1850.01	0.00833054171388026	0	0	0.0246985289472538	0	0.0781264085375809	0.0128542376811056	0	0.00968778328157416	0	0.0535463082472054	0	0.142645089772778	0	0.0139641797343459	0.580001291128924	0	0	0.0629291777528442	0	0	0.0132164532025083	0.18	0.0693396845555654	1.08231433501841
TCGA.02.2485.01A.01R.1849.01	0.0301221492411963	0	0.00074229009351918	0.0288728158566124	0	0.142094963092276	0	0.0902078430906609	0	0.00248475770420084	0	0.0403103900744167	0.10683539954792	0.0119233945199713	0.0664589830407603	0.375846569192386	0	0.00432665487693006	0	0.0649957883370869	0.0347780013320622	0	0.08	0.109615289541021	1.04222004129819
TCGA.14.1825.01A.01R.1850.01	0	0.00963424778824579	0	0.0190964805087404	0	0.0967925173545373	0	0.0159628599663829	0.0181145864877868	0	0.0754375851381857	0.0248870216207472	0.0817281181186267	0.237909972022001	0.0216478073382145	0.283642611511453	0	0	0.0963768910277907	0	0	0.0187693011172883	0.02	0.156801952484032	1.03084371035751
TCGA.06.2562.01A.01R.1849.01	0.000895463325803421	0.00938535338198443	0	0	0	0.0658820883534495	0.00117224748126713	0.0122722843408855	0.0391372160817453	0	0.109438525228048	0	0.0900819575538708	0.385387299477318	0.00218968870652971	0.24773227914345	0	0	0	0.0140512357347986	0	0.0223743611908497	0.02	0.131422850862857	1.06991078013196
TCGA.28.2499.01A.01R.1850.01	0.00197090688271096	0.000256917857894487	0	0.0801292550430735	0	0.113465256076072	0	0.0065416382459909	0.0261629248070935	0	0.065270951080058	0.00179906196626839	0.0611571023749833	0	0.0226612398443081	0.457450235382633	0	0	0.128270080837003	0	0.019691590464975	0.0151728391369369	0.2	0.0471320373313136	1.06844139447689
TCGA.14.1034.02B.01R.2005.01	0	0.0212115321729022	0.00216718314737168	0	0.0191547350228938	0.248344182205606	0	0.02695610585608	0.0321255555006097	0	0.13433144929666	0.0189400266189715	0.0787920889626345	0.072896659654409	0	0.252271802235354	0.00188910443354254	0	0.0432306828355836	0	0	0.0476888920573819	0.22	0.0382613387887445	1.07193905310604
TCGA.06.0132.01A.02R.1849.01	0.0132480543900132	0	0	0.0099336536062207	0	0.0547995448559596	0.00922817572106322	0	0.00283493898763054	0	0.00461948041087948	0	0.250415074470637	0	0.0386950578190394	0.581612013301108	0	0	0.0209440383781271	0	0	0.0136699680593219	0	0.196137262725261	1.03798742205564
TCGA.27.2523.01A.01R.1850.01	0	0.00896171483086046	0.00214557704676497	0	0	0.126323746531786	0	0.0246706479952804	0.00921255536908307	0.0306513885194501	0	0.0224937815146667	0	0.416759544813095	0.00123626572409969	0.343055987269964	0	0	0.00981614530033153	0	0	0.00467264508461825	0	0.206363555719704	1.04611129006489
TCGA.15.1444.01A.02R.1850.01	0.00516295346824797	0	0.0032808029110896	0	0	0.219839517599992	0	0.0191506978273018	0.00341873678038417	0	0	0.113965498877542	0.176893640572677	0	0.00359130053534453	0.199335748401584	0	0.00320810484242063	0	0.141399276146381	0.0831159554692993	0.0276377665677364	0	0.172525596396713	1.02234018799408
TCGA.06.0749.01A.01R.1849.01	0	0.0402655248287757	0	0.0234584540422657	0	0.139941146961797	0	0.0242941107881869	0	0	0	0.0785209165149539	0.113379181062511	0.193061410483959	0.0012173150132267	0.30251717130622	0	0	0	0.0259764416787765	0.0507365736587481	0.00663175366057961	0	0.176727015591959	1.02247600015898
TCGA.06.0156.01A.03R.1849.01	0.00176648086716648	0.00465580620048277	0	0.063354329926698	0	0.0692549905254682	0.00904515191434089	0	0.00867815723970364	0	0.11806689535767	0	0.0887662980506076	0.0337017538568804	0.0191849816285762	0.419372009405573	0	0.000979986740289202	0	0.128819316092391	0.000979260327929387	0.0333745818662235	0.14	0.0773299443320057	1.06775389703283
TCGA.14.1402.02A.01R.2005.01	0	0	0.0104915584917887	0.0834302728196962	0	0.115037454102046	0	0.0215572396871299	0	0.0316664849376109	0	0.0343353155801679	0.229973923262137	0	0.0448336457871829	0.409078048056672	0	0	0	0.00476840339796385	0	0.0148276538776051	0.04	0.124233360311091	1.04627030909514
TCGA.06.0152.02A.01R.2005.01	0.00766454784677432	0	0.000437708892091813	0.020144875620822	0	0.210062309203777	0.00144593939980872	0.0127783182445207	0.0287107195540084	0	0	0.0340031343289585	0.0138774027930691	0.245650612917575	0.140074478355814	0.224918237091344	0.00498591822775844	0	0.0483101289162444	0	0	0.0069356686074327	0.02	0.139295553595433	1.04519002260864
TCGA.06.0211.02A.02R.2005.01	0.00837481520882112	0.00179431680277969	0.000358768600319569	0.0108144745516906	0	0.0501168711535237	0.00866182742456101	0	0.0208885325750343	0	0.0525884948096304	0	0.109596588737121	0.279001762765665	0.0161534171599491	0.343885597156997	0	0	0	0.0615496299052961	0.0108478710717312	0.0253670320768809	0.02	0.140223359971771	1.05979341443064
TCGA.28.2513.01A.01R.1850.01	0.000762215241753133	0	0.00107100059032594	0	0	0.108766144052485	0	0	0.01255190937064	0.0210398348078155	0	0.0202154412229771	0.12195782811442	0	0.0898120604720105	0.525222576327684	0	0.00650156238988433	0.07144876154177	0	0.0101941365844336	0.0104565292838019	0.2	0.0483521549756588	1.08691885479509
TCGA.02.0055.01A.01R.1849.01	0	0.00373467323039032	0.000876999903437886	0.0110910020697719	0	0.175675353414577	0.0123170070827553	0	0	0	0	0.0431579339137382	0.336765336762451	0.0313185147101812	0.0122301220132231	0.261991797669181	0	0.0361604858881748	0	0.0366109195051169	0	0.0380698538370013	0.04	0.128000676422003	1.04527059399848
TCGA.28.5218.01A.01R.1850.01	0.0404554760431658	0	0.00115591902242573	0.176068101824317	0	0.0142242440925636	0.0353735383426256	0.0228591844689974	0.0314168582449005	0	0.0195106253024379	0	0.0212248830878985	0.315002060779116	0.0303380781427392	0.27536178738351	0	0	0.00545757082890562	0	0	0.0115516724363968	0	0.337298900581547	0.953093160241415
TCGA.06.5856.01A.01R.1849.01	0.00333719011250294	0	0.00614457308928379	0	0	0.0535765425694273	0.00534928043239709	0.00428983337838085	0.00337961066837186	0.00959152617287408	0	0.0418296910764934	0.0572167851122326	0	0.0100722512317894	0.638973694645035	0	0	0.130932061268538	0	0	0.0353069602426736	0.18	0.0659665029807391	1.09307266979593
TCGA.32.1970.01A.01R.1850.01	0.00276067456344275	0	0	0.0318881973718727	0	0.117459713686157	0	0	0.0123539180089658	0	0.00999566606976491	0.0283605268870548	0.066755218727701	0	0.0194864422194789	0.445378681336351	0	0.00128149299190312	0.173501310441249	0	0.0627080741294856	0.0280700835665739	0.18	0.0628800371736917	1.06380980106745
TCGA.27.1830.01A.01R.1850.01	0.0156099222894882	0	0.00157724258545995	0.0268701628249833	0	0.0054945215970027	0	0.0232383508730496	0.000321749258242403	0.0113712356750218	0	0.0289527602419878	0.0148866760785245	0.325055433818205	0.0225886878162932	0.278964761118932	0	0	0	0.170222177635379	0.0403961479445354	0.0344501702428942	0	0.234480816887712	1.02332784810568
TCGA.28.1747.01C.01R.1850.01	0.00197250604650885	0	0.00049869039752048	0.0465249873587594	0	0.193753740537019	0	0	0.0096354688654061	0	0.0067791947917492	0.0513704398988999	0.278984943346446	0	0.057715282633208	0.236215755936878	0	0.00798733229582773	0.0658139135887253	0	0.0370033809767351	0.00574436332631649	0.1	0.0968533325315985	1.04616034702003
TCGA.32.2615.01A.01R.1850.01	0	0	0.00161883785499967	0.045091750545566	0	0.154333193266363	0	0.0191787784729361	0	0	0	0.0290997960993268	0.23101839684132	0.0354578976482412	0.0373528091631429	0.319596902137338	0	0.0125138978283432	0	0.0332400462452685	0.0506846442920438	0.0308130496051108	0.2	0.0389035632911539	1.07614979143935
TCGA.06.0125.02A.11R.2005.01	0	0	0.00460166004008191	0.113646514268713	0	0.0334967659490678	0	0.0363618097809704	0.0118607983796938	0	0.0500874207797007	0.0241317549256321	0.175567452161332	0.131383535892407	0.0361767396223107	0.288163788760818	0.00398273113422928	0	0.0423573314523528	0	0.0234216972838506	0.0247599995688399	0.16	0.0741169572642155	1.05958086719033
TCGA.26.1442.01A.01R.1850.01	0	0.0126138643098343	0.00381926066357366	0.0324543893469227	0	0.090817484501053	0	0.0110670931547729	0.0174445165124548	0	0.0567724193244037	0.051629131465218	0.174909104526267	0	0.0219952650778038	0.259014368436085	0.00255873552528535	0	0.253537130018713	0	0.010782378642743	0.000584858494869857	0.18	0.0670037597738379	1.05703101498548
TCGA.06.0210.02A.01R.2005.01	0.0227783603215277	0.0033170635831312	0	0.0627269125091196	0	0.0428814758141536	0.021278016157802	0	0.0463501587148348	0	0.0197118286818184	0	0.169153989858633	0.109634360211012	0.0140843500179534	0.457528252729884	0	0	0.00291742224359124	0	0	0.0276378091565396	0.02	0.133511536855391	1.05134209629489
TCGA.06.0221.02A.11R.2005.01	0	0	0.00581718803728586	0	0.0530230076440784	0.110013801903045	0	0	0.00817543292976287	0	0	0.0638085647432036	0.0763523903078162	0	0.0593230186034163	0.405303088594198	0.00669182583157508	0	0.169622849268068	0	0	0.0418688321375506	0.28	0.0279736224707479	1.07508596143353
TCGA.06.5858.01A.01R.1849.01	0	0.00187820147631231	0	0	0	0.0672036859863464	0	0.0127316531614631	0.00554357856669942	0.0163551591230101	0	0.0131875823191925	0.123736031371239	0.271823849040952	0.0284495624898927	0.381101615197269	0	0	0	0.0474682781436945	0.00532570205370944	0.0251951010702194	0	0.22825825837341	1.02102183087085
TCGA.76.4929.01A.01R.1850.01	0	0.0328591515731024	0	0.0424315466654929	0	0.0260404633871729	0	0.00681510285702901	0.0246898525966723	0	0	0.0165423586861595	0.0430156083095735	0.241074602914304	0.00414546511043476	0.412036540346245	0	0	0.120459025417191	0	0.0162928593228684	0.0135974228137548	0.04	0.120434377006348	1.06297503024539
TCGA.41.4097.01A.01R.1850.01	0.0357920352170003	0	0	0.0400359954436013	0	0.120576983114259	0	0.00748592851973323	0	0	0.0386532963885618	0	0.244948566907639	0	0.0261317219592405	0.462447245945489	0	0	0.00900675981080858	0	0	0.0149214666936669	0.2	0.0426964150896684	1.08688778963764
TCGA.12.3650.01A.01R.1849.01	0	0.00184121078485753	0	0	0	0.11023051464427	0	0.00934698899828572	0	0	0.0152296439457328	0.0159981058565161	0.0620088784390723	0.0890981903969423	0.00557354176817802	0.575326134172209	0	0	0.105858164237146	0	0	0.00948862675679024	0	0.168743139107961	1.04176931644253
TCGA.76.4926.01B.01R.1850.01	0	0.00501143667143097	0.000298369839676348	0.0503472014363003	0	0.0632586106124247	0	0.0107636908168797	0.0224559902442065	0	0	0.0163059420489282	0.2564729561377	0.0206952985376667	0.0076037890772129	0.363172908096203	0	0	0.149413690509595	0	0.0171977955263843	0.017002320445391	0.14	0.0785511938674152	1.06253601279384
TCGA.06.0168.01A.01R.1849.01	0.00443519778905162	0	0	0.0143786703064914	0	0.094885121330361	0	0.00224808158524629	0.0059951657206624	0	0.0348984059663399	0	0.206809055479678	0.166324054887338	0.0511252839569016	0.399947828704094	0	0	0.00669907643588132	0	0	0.0122540578379549	0.14	0.0828070857254823	1.0801338875049
TCGA.06.0129.01A.01R.1849.01	0.0384676723022314	0	0.00282910005404159	0.00193292410334714	0	0.0483505116896541	0	0.0190564313570735	0	0	0	0.0308268873898469	0.182326814781128	0	0.0323000467097629	0.572388165332139	0	0	0	0.0424905139891142	0.0290309322916617	0	0	0.240549404279503	1.0068365924354
TCGA.19.4065.02A.11R.2005.01	0	0	0.00203287760142978	0.0531121294870221	0	0.0416274266463895	0	0.0312036739390834	0	0	0	0.0348850705263782	0.173629323101169	0.21709262455039	0.0310447627963977	0.403918745762709	0	0	0.0112743777031741	0	0	0.000178987885857029	0.0600000000000001	0.115345544771923	1.06918921620277
TCGA.06.0750.01A.01R.1849.01	0.00240737434791612	0.000932463529337249	0.00104953791233363	0.0457696731268817	0	0.104691281629711	0	0.0112845505530149	0.00541660184967101	0	0	0.0487062861341276	0.115180200534583	0.140842691649611	0.0742582389728988	0.372588681667378	0	0	0	0.00300311023998752	0.010700066895762	0.0631692409567859	0.14	0.082478402846238	1.07129119885932
TCGA.14.0736.02A.01R.2005.01	0.0379046030581248	0	0.119495910484649	0.098672101652164	0	0.0866723963699951	0.00937463133270284	0	0	0	0	0.0120663924236175	0.0896274673617828	0	0.0513496090023567	0.46603948826629	0.00145766326819539	0	0.0158636693927581	0	0.00113296313606554	0.0103431042512978	0	0.24569017369806	0.989464034016508
TCGA.14.0789.01A.01R.1849.01	0	0.00584573136401271	0	0.0301716090111585	0	0.0953750149563649	0	0.00719441130147075	0.0373309985593754	0	0.156490673371713	0	0.0709793239806569	0.270777519334062	0.00418259180311	0.172382102766461	0	0	0	0.130995445715659	0.00159182073196695	0.0166827571039883	0.1	0.0978789451703874	1.0664702249714
TCGA.06.0649.01B.01R.1849.01	0.0351748926178128	0	0.0221846443480491	0.0308500997385024	0	0.0512591727652906	0	0.0185989076228274	0	0.0144197022049477	0	0.0198559878323853	0.267870021020532	0	0.00892931922275573	0.512695877431759	0	0	0	0.0159674428196312	0	0.00219393237550665	0	0.22842394992879	1.01057116393117
TCGA.06.2564.01A.01R.1849.01	0.00140080603566717	0.00472568601548855	0	0.0509810904471882	0	0.188523665325645	0	0.00836901415858323	0.0114895197185534	0	0.0816181607369536	0.0336176840655917	0.146565589802813	0.123666325320361	0.00267641882437618	0.211175919890749	0.00251039956613087	0	0.0976939620152344	0	0.00631241764547581	0.0286733404311887	0.18	0.0722758772931882	1.05430294543354
TCGA.26.5136.01B.01R.1850.01	0.0182713468631628	0	0.00121118720778301	0.00702887807895487	0	0.207399222070738	0.00937013251376272	0.00351269366753276	0	0.00132091792543497	0	0.00858519500155622	0.315186528216483	0	0.0575795044479564	0.331417563471789	0	0	0.0378563458709731	0	0	0.00126048466387336	0.2	0.054200099002138	1.07389827866425
TCGA.06.5413.01A.01R.1849.01	0.0236557550088602	0	0	0.0434413807865018	0	0.112095986978745	0.0039365854155761	0	0	0	0.0111858941465608	0	0.0820310638875303	0	0.0100428427069771	0.623502999626985	0	0.000697987270827959	0.0423346105525625	0	0.00484410093883344	0.0422307926800392	0	0.202420779719647	1.02441847575936
TCGA.06.5418.01A.01R.1849.01	0	0.00234323837417123	0	0	0	0.1157644483268	0	0.00322264992799935	0	0	0.033323291219004	0.0215805099931059	0.213855945438186	0.0763836568381854	0	0.479083627924584	0	0.0029752213750668	0.00679346432675924	0	0.00454456851854099	0.0401293777375978	0.18	0.0657515206321218	1.09023007175316
TCGA.27.1832.01A.01R.1850.01	0.000535388247757699	0.00359905765052811	0.00151594427577786	0.0172742437441339	0	0.126464153465076	0.0045619606786055	0	0.00510756471893196	0.0583055109490212	0	0	0.314263171147208	0	0.0322777828263079	0.325182218550797	0	0	0.104480976060467	0	0	0.00643202768538797	0.36	0.0223345123574555	1.08616225519335
TCGA.26.5132.01A.01R.1850.01	0.000768189825176457	0.0223599385579941	0	0	0	0.0811444095872478	0.0397416449921642	0.0175455647040217	0.0058670600462551	0	0.0315527960858716	0.00752538178185561	0.00900964679116656	0.242450477575559	0.00961474263227393	0.425877427463217	0	0	0.0847976839632774	0	0.0121265503220319	0.00961848567188791	0.02	0.148720741160535	1.04816797302741
TCGA.06.0157.01A.01R.1849.01	0.00399159253607974	0	0	0.034262263643287	0	0.164417292998922	0	0	0	0	0.0183032278152779	0	0.125590537890418	0.0986563438749633	0.0482010041201396	0.452530591974279	0	0	0.0300193227778682	0	0	0.0240278223687654	0.14	0.0811609393915845	1.07011976039641
TCGA.06.2561.01A.02R.1849.01	0	0.00372030283470477	0	0.0676677675238225	0	0.0515967167709413	0.00760298286668118	0	0.00660683150378234	0	0	0	0.358863877297445	0.0223350405610552	0.00448327630277783	0.386447489956301	0	0	0.0705285787654875	0	0	0.0201471356170015	0.2	0.0516965622408452	1.09299836817371
TCGA.02.0047.01A.01R.1849.01	0.000816583536555965	0.00376417499091919	0.00097605616785859	0	0	0.162241243173709	0.00563598700961751	0.0181080449919696	0.0190340980722527	0	0.0513613096462811	0.000723415800469371	0.0266043830973021	0.297859425135868	0.0108823273987303	0.389888730943218	0	0	0.0013920265567879	0	0	0.0107121934784615	0	0.45923984569413	0.890685004005996
TCGA.28.5207.01A.01R.1850.01	0.0006034427206372	0.00102887854991743	0.000644182135695671	0	0	0.23830609478088	0	0.024353226158562	0	0	0	0.0982659261672296	0.0712019611593186	0	0.0614100710461094	0.305643053743787	0.0034756524510825	0	0	0.066516922482149	0.110253352957883	0.0182972356467478	0.04	0.122053523362828	1.03866592730827
TCGA.19.4065.01A.01R.2005.01	0	0.0928522955412062	0	0	0	0.0912330560477268	0	0.0141397938263708	0	0.0158854966267353	0	0.023875511394754	0.246740805365178	0	0.00867035055977383	0.475462037431049	0.00493819971029439	0	0	0.00528730283810445	0.0104187351196625	0.010496415539144	0.18	0.0658667401598968	1.08041565035931
TCGA.12.3652.01A.01R.1849.01	0.035776077162308	0	0.00392477919979411	0.112783383665243	0	0.146192441415271	0.00287123041325152	0.0178372358885842	0	0.024826150396849	0.00256211718042262	0	0.00605881994617063	0.0672342394274798	0.0532801859247565	0.486064626806273	0	0	0.000147692439957667	0	0.0404410201336391	0	0.18	0.0694384497143537	1.07149903743414
TCGA.28.2514.01A.02R.1850.01	0.00862357398657216	0	0	0	0.00952763152985337	0.241663657825115	0	0.0112759065051747	0.0333444925952869	0	0.102901106262051	0.020954097869397	0.0511308069096248	0.215707403796077	0.0272160758689004	0.220704062593802	0	0	0.0143163204107791	0	0.00233006324867893	0.0403048005986873	0.12	0.0937143406331684	1.05703679676793
TCGA.19.1389.02A.21R.2005.01	0	0.0224465674637296	0	0	0	0.152089507302754	0.0100129263059295	0.00541848793703336	0	0.00624303401842861	0	0	0.228362098327223	0.0537517405481939	0.0220998697373423	0.412462415314763	0	0	0	0.0304488825033303	0.0391591928787261	0.017505277662546	0.18	0.0564764849387917	1.07992605671676
TCGA.12.0616.01A.01R.1849.01	0.0324162828050695	0	0.0027453865846346	0.182704095556528	0	0.110321993689946	0.00135318151512215	0.0210714502486363	0	0	0	0	0.170904933190861	0	0.0745363200208654	0.343885294633694	0	0	0.0308515225456483	0	0.0228059381014688	0.00640360110752616	0.02	0.151303363256673	1.02497196810804
TCGA.14.1823.01A.01R.1849.01	0	0.0247228308467917	0	0	0	0.178637621507217	0	0	0.0159479728299556	0	0.0763683970063682	0	0.244634837274575	0.00575839496412325	0.0305408234991222	0.364877310211467	0	0	0	0.0341377069559103	0	0.0243741049044703	0.26	0.0342255535334152	1.07944084790405
TCGA.06.0219.01A.01R.1849.01	0	0	0	0.00929442363347478	0	0.119136197747005	0	0.00593282132653856	0	0.0266598544275787	0	0.0428891900962628	0.219908611567488	0	0.107266106524526	0.395568685426153	0	0	0	0.0339972370744021	0.0275599375901742	0.011786934586397	0.08	0.102323377559637	1.06018826474004
TCGA.14.0871.01A.01R.1849.01	0	0	0	0	0	0.38527082812538	0	0.0690802813988663	0	0	0	0.0816020425157403	0.0350208015391036	0.204591870303651	0.0304636589417546	0.0867129257760188	0	0	0.107257591399485	0	0	0	0.16	0.07441119253048	1.06703510214078
TCGA.76.4927.01A.01R.1850.01	0.00292330390591665	0.0028626768705053	0	0.0409177097580888	0	0.129080186001365	0	0.00534869009384311	0.0307612386069336	0	0.0666796897081435	0.0101606946946146	0.147129534248709	0.0844776502124855	0.0185592766236773	0.409271938971171	0	0	0.0303931939621738	0	0	0.0214342163423726	0.14	0.0777230402229284	1.06398005208831
TCGA.06.5417.01A.01R.1849.01	0	0	0.000389787796936942	0	0.0211236905345115	0.0691968466970876	0	0.00875172924428284	0	0	0.00780709024014431	0.00972694479070907	0.0607799854843792	0	0.00172340044594035	0.622597832450727	0	0	0.17486915337089	0	0	0.0230335389443913	0.14	0.0856787805896578	1.08224266387131
TCGA.06.0190.01A.01R.1849.01	0.00350400918038943	0	0.00413132023568766	0	0	0.0338966017067505	0	0.0362166234468749	0.00886814235797322	0.0635067992497442	0	0.0207463555273291	0	0.372472607285709	0.00886623012083222	0.307141171951858	0	0	0	0.103135047683201	0.00094982781710461	0.0365652634365465	0.02	0.146607879645564	1.07239576395066
TCGA.26.5135.01A.01R.1850.01	0.0427730632474014	0	0	0.0339425287736056	0	0.0697198231898102	0	0.00775920506079492	0.0685992843012645	0	0.0666435715091383	0	0.0169191938056687	0.413990326110041	0.0149419756600208	0.200260814972191	0	0	0	0.0372938827159822	0.0231772119480083	0.00397911870607337	0	0.208537711305137	1.02713738933326
TCGA.28.5220.01A.01R.1850.01	0.00202154161123927	0	0	0.0187652504692081	0	0.096932705171519	0	0	0.00249411969678742	0	0	0.00733092116479218	0.25189598210413	0	0.0459419369827227	0.447479455550317	0	0	0.114284078012252	0	0	0.0128540092370312	0	0.242216304545498	0.997042535391262
TCGA.06.0125.01A.01R.1849.01	0	0	0	0.0345550498424144	0	0.0103801456850057	0	0.0411269611083092	0	0	0.0464809461426503	0	0.0783486669992949	0.350561207007266	0.0433670534291975	0.337411015516913	0	0	0.0172939314200101	0	0.016979803044542	0.0234952198043962	0.04	0.123592479470544	1.07894264580604
TCGA.06.0210.01A.01R.1849.01	0	0.0120349181118182	0	0	0	0.115732588451474	0.0175257448662674	0	0	0	0.0813639934923049	0	0.281970211227751	0	0	0.392006802409351	0	7.8888050941133e-05	0	0	0	0.0992868533900922	0.2	0.0511476320387005	1.09289984633573
TCGA.28.5216.01A.01R.1850.01	0	0.0193119389108799	0	0.0410395351284356	0	0.179305833060867	0	0.0142593577182522	0.0172746352057328	0	0.0822671942702472	0.0170001127248696	0.122416911455684	0.078086803575084	0.0090023192296674	0.28801827328051	0	0	0	0.0489138272124301	0.0724758129848177	0.0106274452425221	0.16	0.0732931398201307	1.05488310257979
TCGA.19.2619.01A.01R.1850.01	0.00646967374883723	0.0082732595590816	0.00474500905290287	0	0	0.186206325855481	0.00441828900093331	0.0202100106716434	0.026057158301993	0	0.105147401265691	0.00840781889914574	0.161173849735146	0.189615842934154	0.00315639976010272	0.164601328100002	0	0	0	0.0681727543623226	0.0076425457145599	0.035702333038004	0.18	0.0723217332384697	1.06062905207829
TCGA.06.0211.01A.01R.1849.01	0.000586329444924737	0	0.00202844865768263	0	0	0.0802284059934267	0.00228605384049017	0	0.0137324280499776	0.0110704077412126	0.000860823136369959	0	0	0.456650511564574	0.00199249077724575	0.377934171457457	0	0	0.0228220832011858	0	0	0.029807846135453	0	0.206455783667142	1.06540493306029
TCGA.27.1835.01A.01R.1850.01	0.0184072440296944	0	0	0.0221648128418521	0	0.0281108672519559	0	0.0479139662725119	0.0209626453983306	0.00612194371139615	0	0.0716647918841369	0	0.282595809274612	0.0708603537190354	0.389750464952952	0	0	0.034529375995968	0	0	0.00691772466755543	0.14	0.0782913859133889	1.08999703976894
TCGA.06.2557.01A.01R.1849.01	0.0405019045534148	0	0.00121537190892574	0.0351040501359517	0	0.083228166108819	0	0.0237784728515014	0	0.0313216316144547	0	0.0543770073099467	0.198206731932073	0	0.0713607632830387	0.432271630043749	0	0	0	0.0235617788256795	0.00295513647385652	0.00211735495858929	0	0.230646343247349	0.998711855453951
TCGA.06.0141.01A.01R.1849.01	0.00483095882765025	0	0	0.0154856219425106	0	0.069114388737229	0	0	0	0	0.0353875346632008	0	0.194878759898985	0.0869500215678367	0.00799946694067958	0.535085820771674	0	0	0.0183119102512626	0	0	0.031955516398971	0.02	0.137871561925074	1.06419200934705
TCGA.26.5133.01A.01R.1850.01	0	0.0219941362202246	0.00504196776392286	0.183282306590619	0	0.0636200273492945	0	0	0.0264462246216829	0	0.0259211145761699	0.0165546456243393	0.0383036900211574	0.0699588130590871	0.0120839292415721	0.379699420651753	0	0	0.154426467791735	0	0.00266725648844136	0	0.18	0.0638858056122885	1.05991835687757
TCGA.12.0618.01A.01R.1849.01	0	0.000727827508784545	0.000163655969521231	0	0	0.165064326024521	0.00175231762411098	0.0613026318671957	0.000628687821003847	0	0.145260950313121	0.00183754244434396	0.116493820033484	0.0752828730175111	0	0.284733852820004	0	0	0.0923852544738412	0	0.00254779537802312	0.0518184647045341	0.26	0.0341921554722569	1.07041644263325
TCGA.19.5960.01A.11R.1850.01	0.00765685707035786	0	0.00362345698766208	0.0214247556925948	0	0.117510582957254	0	0.0881985131982306	0	0.0164089592798809	0	0.0339518097979472	0.127690496404312	0.00603985132598351	0.05743658762208	0.427723686531571	0	0	0	0.0702833988795993	0.0220510442525262	0	0.32	0.0251860777531652	1.08252996567087
TCGA.06.5410.01A.01R.1849.01	0.0101358732550565	0.000873960216030054	0.000974335477507426	0.0216112642495818	0	0.0347938019553949	0.0278613437712652	0	0.0212942318622305	0	0.0600947121652519	0	0.180470486381869	0	0.00831518189557802	0.572650429455895	0.004108992514678	0	0	0.00932677799256354	0.0149187751255813	0.0325698336815168	0.02	0.144147684044914	1.0542510147886
TCGA.12.5295.01A.01R.1849.01	0.014921191347762	0	0.00093113812079187	0.0715938391312499	0	0.144657926450985	0	0	0	0.0168895898099262	0.00466035362771959	0	0.0900038827270623	0	0.0321376523169635	0.56991069254917	0	0	0.0410519283424759	0	0.0127977260775117	0.000444079498381855	0.16	0.0753064151979782	1.07419623624764
TCGA.12.1597.01B.01R.1849.01	0.0159666382239396	0	0.00285340147558559	0	0	0.106901058089798	0	0.00399861378098241	0	0	0	0.0520126597147814	0.183911501797368	0	0.0171061181971824	0.582401396275539	0	0	0	0.0227686953528961	0.00187536963925141	0.0102045474526764	0	0.175507243205483	1.04014800227048
TCGA.06.0158.01A.01R.1849.01	0	0.0334852787549234	0	0	0	0.130334071069499	0	0.0179626200488615	0.0264111435126393	0	0.0357820174795981	0.00850567395494013	0.0277840465305255	0.363102985288727	0.00938126050446963	0.315919011181397	0	0	0.00640834194760071	0	0.00379149259429444	0.0211320571325242	0.02	0.157720188740576	1.05603216727824
TCGA.28.2509.01A.01R.1850.01	0	0.00677865390359596	0.00581605931788542	0	0	0.151674718882188	0	0.00863687558142423	0	0	0.0648721211115932	0.0111897621387582	0.259614205273993	0	0.000170332725908962	0.299011788336842	0.00485726799870654	0.00469809965043653	0.160368886482986	0	0.0146420264049329	0.00766920219074843	0.4	0.0114513577758314	1.08018255733221
TCGA.41.5651.01A.01R.1850.01	0.0116295408156656	0	0.00307168215595136	0	0	0.127729041319955	0	0.0275535235589598	0	0	0.0638426790371802	0	0.00407757894111104	0.428005333912975	0.0121951063865791	0.314547333354249	0	0	0.0073481805173742	0	0	0	0.02	0.140012912271155	1.07940365103368
TCGA.06.0184.01A.01R.1849.01	0	0	0	0.0127701565736611	0	0.0853130539883153	0	0.0113712120981034	0	0	0	0.0609157919268944	0.215923896189836	0	0.0408515383800038	0.521995033084988	0	0	0	0.0179865862239622	0.0125558091915629	0.0203169223426724	0.18	0.0586375477922736	1.0918924626155
TCGA.06.2569.01A.01R.1849.01	0.024747434312625	0	0.00228456523734528	0.29101505871761	0	0.0113012676911619	0	0.0185485425609617	0.0250579471582718	0	0	0.02748018486991	0.00416809678071228	0.209524402441992	0.0033056423691531	0.361915276488191	0	0	0.012341184438434	0	0	0.00831039693363171	0.14	0.0801546781782091	1.07606545226098
TCGA.06.2567.01A.01R.1849.01	0	0.00171787198146301	0	0.000261998015069184	0	0.138699133728161	0	0.024842073311095	0	0	0	0.0729838287486791	0.310225963095249	0.02450412316581	0.0304989114200042	0.26560169323113	0	0	0	0.0126054861078646	0.0152688364017511	0.102790080793724	0.02	0.152327849609088	1.04188106211233
TCGA.06.0747.01A.01R.1849.01	0	0.0127599049981368	0.00375874814395392	0.0796666513577731	0	0.0894026042131184	0	0.0575683732544378	0.00478874043023741	0	0.0284510461797117	0.0167539543608352	0.0920485698926447	0	0.0115937565671167	0.455640630793923	2.38173835803228e-05	0.00822324205992693	0	0.0514094253357612	0	0.0879105350288424	0.28	0.0312430715392957	1.08444084110205
TCGA.12.3653.01A.01R.1849.01	0	0.0019340825384628	0	0	0	0.208834339609567	0	0	0	0.0121701878775175	0	0.0521025465953143	0.145469509995237	0	0.0569051868297689	0.38232174133008	0	0.00977492242063324	0.112012668411366	0	0	0.0184748143920532	0.08	0.108775854061117	1.04181646798402
TCGA.06.5414.01A.01R.1849.01	0.00357181391125678	0	0.00131217509190345	0.0388674832210262	0	0.104514095361894	0.00435327820965472	0.0117215537535289	0.0181930524774191	0	0.0324509332410241	0	0.108797662753082	0.234215290603274	0.0233640914120632	0.380986620670484	0	0	0.00728619022700099	0	0.000794178963868175	0.0295715801025208	0.0600000000000001	0.113571639716905	1.06568021610434
TCGA.12.0821.01A.01R.1849.01	0	0.0222133470080893	0	0	0	0.120352788668049	0	0.0119541045980139	0	0.0120012977432881	0.0297653207951916	0	0	0.342548816341642	0.0663112810296055	0.296880331566698	0	0	0.0427012627352396	0	0.032905268054116	0.0223661814600663	0	0.306168334878244	0.974457245715982
TCGA.06.0882.01A.01R.1849.01	0.0024280603394859	7.79953958921043e-06	0.000147326404259461	0.0318501520553484	0	0.164680871813259	0	0.00471377037630543	0.00423565506690336	0	0.0443010179589275	0.0190553215447665	0.27259450608893	0	0.00944010080350881	0.393084211911779	0	0.000291819231519107	0.0216194374651746	0	0.0165017688356	0.0150481805646438	0.18	0.0729289734704272	1.06911933952046
TCGA.19.1390.01A.01R.1850.01	0	0	0.00678389928155747	0.0409741024453516	0	0.0571844226448046	0	0.00425552475931176	0.00276076155333583	0	0.0655113517857221	0.0760283332307689	0.100688729846229	0.0156003109104945	0.0131279618926466	0.351917459262335	0	0	0.155336501167017	0	0.0268420968225356	0.0829885443978908	0.58	-0.000682677973635835	1.09102927761545
TCGA.06.0178.01A.01R.1849.01	0.0135073991804131	0	0	0.0240938280108067	0	0.0499313905526145	0	0.0109621652538396	0	0.0111643385464998	0	0.0325904931842174	0.143285031836645	0	0.015771182476231	0.552728506504613	0	0	0	0.104426134449571	0.0151741920344806	0.0263653379700679	0	0.344789692301608	0.952131700816267
TCGA.12.0619.01A.01R.1849.01	0	0	0	0.0334744574650591	0	0.152432105404461	0	0	0	0	0.0314609874246253	0	0.171190535925795	0	0.0313621184735931	0.528153090928701	0	0	0	0	0.0136051497206356	0.0383215546571295	0.18	0.0713984926608354	1.08087372529871
TCGA.06.5411.01A.01R.1849.01	0	0.00609060786251208	0	0.0936877841369385	0	0.0395987425740138	0.00431369712050697	0	0.00869442868922179	0	0.0497895370283543	0	0.48362638291264	0	0.0231854386680789	0.223782617458264	0.00175818850912189	0	0.0401806197198471	0	0	0.0252919553205002	0.02	0.13409888105305	1.05797697893061
TCGA.06.0138.01A.02R.1849.01	0.00863997002614167	0	0.00277085749198388	0.02560747794591	0	0.0720276798195182	0	0.0183865687681671	0.0172230716882994	0	0	0.0236624147023817	0.0765147801352433	0.217876681372503	0.00980801954753331	0.331909488565724	0	0	0	0.132817107860528	0.0476260034329906	0.0151298786430759	0	0.217990203037068	1.01434583507365
TCGA.19.2624.01A.01R.1850.01	0.0129210492722534	0	0.00185269221573502	0.0622019273433516	0	0.106863140574062	0	0.0669506546133684	0	0	0.019786396509017	0.064131185239683	0.0169881687874744	0.139981516601622	0.0182521989194118	0.337755691416031	0	0	0	0.105237377190715	0.045212175883131	0.00186582543414517	0.36	0.0212127070235123	1.08970104867924
TCGA.19.2625.01A.01R.1850.01	0.00795663909433461	0.0143305952567226	0.0015881724314085	0.0466374910775199	0	0.0672844110652179	0	0.0350024035460182	0.011428972357784	0	0.0759861280300547	0.0319646563647216	0.313315242740868	0.0578151894307471	0.00683519481830981	0.21128326949365	0	0	0.0856764980561841	0	0.0198945592467736	0.0130005769896854	0.36	0.0225475279030243	1.07869475307627
TCGA.06.0646.01A.01R.1849.01	0.00510651667545749	0.00131979403615809	0	0	0	0.132454265964516	0	0.0213668686101901	0.0143081358298606	0	0.0383925619903928	0.00476475027642413	0.137338996437397	0.148612340329004	0.00814412612199762	0.137107671005888	0	0.00235706570773124	0	0.271034225428571	0.0555825899719266	0.0221100916144843	0.12	0.0932871963847794	1.07246805970423
TCGA.14.0781.01B.01R.1849.01	0.000519029321837516	0.00530150368793765	0.0017766564500046	0	0	0.251966559658829	0.0172823756799016	0	0.0153958134233292	0	0.0837270794159685	0	0.184380037631815	0	0	0.381114252367492	0	0.00139302104909205	0	0.0147288710630672	0.0245009786458067	0.0179138216049198	0.36	0.0209109352587883	1.0826197300636
TCGA.06.0878.01A.01R.1849.01	0.00368870708759646	0.00146300013649014	0.00190998931680112	0	0	0.112561274474964	0	0.0152728909048738	0.010309759821621	0.0508926572027315	0.060944488068419	0	0	0.495898017355981	0.0134738353208539	0.144192395051047	0	0	0	0.0705256534328044	0.00234648929875593	0.016520842527061	0.02	0.153750574517299	1.0734742454804
TCGA.28.5209.01A.01R.1850.01	0	0.00110592419758749	0.00443540040389085	0	0	0.163689134109309	0	0.0123239168823956	0.00871083898810676	0.0125622240241096	0.00570374436266735	0.0181884271979479	0	0.404436345485966	0.0270376188602796	0.307799260340129	0	0.003088546985554	0.0232506118076539	0	0	0.00766800635440248	0	0.173384321561093	1.05601678009939
TCGA.26.5134.01A.01R.1850.01	0	0.00278003055562133	0	0.0153003515231035	0	0.0471851949492941	0	0	0	0	0.0148105161684263	0	0	0.429678586631191	0.0853431624039634	0.388130807734586	0	0	0.0167713500338137	0	0	0	0	0.184635553232107	1.07566937616095
TCGA.32.2616.01A.01R.1850.01	1.53846857281717e-05	0.00212737487266644	7.97311549901863e-05	0	0	0.136044769042512	0	0.011053784210785	0.0218391364298862	0	0.0242109097494423	0.0229958574194511	0	0.414631863286689	0.00803107168150601	0.303585686935433	0	0	0.0462487010054392	0	0	0.00913572952547093	0	0.226577936843842	1.02853645160241
TCGA.14.0787.01A.01R.1849.01	0	0.00676692908939306	0	0.0427243527302246	0	0.134578535906795	0.00430945521366045	0.00577404798271964	0.0158385932009885	0	0.045307384478148	0.0217855656143061	0.164227074070707	0.0631321980912342	0.0534751423395918	0.369267251677447	0	0	0.0579151848647035	0	0	0.014898284740081	0.16	0.0738599399301171	1.05902993543288
TCGA.14.0790.01B.01R.1849.01	0	0	0.0138462490694016	0	0	0.178085096022507	0	0.00790907228694824	0	0.0482721907110347	0	0.071152942632074	0	0.0588702908777203	0.170431852155083	0.179160807589941	0.0128331754734643	0	0.253553970067312	0	0.00588435311451309	0	0.2	0.0537061323002272	1.0775723276576
TCGA.06.0745.01A.01R.1849.01	0.00165927018342728	0.000586847425250669	0	0.0183206326966796	0	0.0947894446168583	0	0.0162108458308183	0.0129626584964026	0	0.0201555423449961	0.0114378879954044	0.0539929333776543	0.216826506782128	0.00735061635199717	0.46171886380232	0	0	0	0.0394936148577305	0.0220940146583248	0.0224003205800081	0	0.3587119122499	0.947435348019955
TCGA.27.2521.01A.01R.1850.01	0.0332333547917643	0	0.000738092955858294	0	0	0.104122541561408	0.00540232043026841	0	0.00912282468002601	0	0.0414513335179211	0	0.114935846121142	0.0514741301381226	0.0130254555464988	0.522188618801156	0	0	0.0898100209670488	0	0	0.0144954604887857	0.04	0.127907446051028	1.04928738251584
TCGA.32.5222.01A.01R.1850.01	0.00418480376119803	0	0	0	0	0.111464168262543	0	0.00707931498895986	0	0.0122720827445526	0	0.0275326672502284	0.26722902631941	0	0.0343929524445842	0.470020418105597	0	0.00225618734909745	0	0	0.0343198749886509	0.0292485037851776	0	0.198609911698638	1.02438750037681
TCGA.28.5204.01A.01R.1850.01	0.000548625828422346	0.00760240758618171	0	0	0	0.258905369420341	5.35136109761037e-05	0.00123130916540871	0	0	0.0577664943607579	0.0130510338628561	0.0884935953996568	0.0191729558812292	0.0856230937800044	0.428541824692354	0	0.00734407855383418	0.0115093577651692	0	0.000187288279047428	0.019969051813761	0.2	0.0486276732324428	1.07500831494121
TCGA.14.1829.01A.01R.1850.01	0.0159919981222488	0	0.000837277224415921	0.0282540913822196	0	0.0877026301300987	0	0.0061809311246374	0	0.00256425625640844	0.00897836261238297	0	0.342646749621121	0	0.0220406483208879	0.414562908116523	0	0	0	0.00611579680676785	0.0603512491704973	0.00377310111179052	0	0.159891854507717	1.04304571663645
TCGA.76.4928.01B.01R.1850.01	0.00549008859864384	0	0.00407677756674539	0.0305856336187863	0	0.0612336844818667	0.127498908419176	0	0.0177299854793632	0	0.0458809829233783	0	0.290576421678174	0.0539384435003256	0.000312242803688791	0.296560463481219	0	0	0.0394505013901784	0	0.00346693640309714	0.0231989296553576	0.26	0.0341377246244319	1.07629933097554
TCGA.06.0645.01A.01R.1849.01	0.00655723700327692	0	0.00228330784577393	0	0	0.118356786861637	0.00636584676793916	0	0.0141185790035161	0	0.0521003167969877	0	0.237416806643279	0.0458873191482289	0.0132558492360119	0.332406900096236	0	0	0	0.111164683813659	0.0421275971263927	0.0179587696570621	0.18	0.0709930681847953	1.06759084468779
TCGA.41.3915.01A.01R.1850.01	0.0105421385442847	0	0.000267418980298307	0.0400669123724737	0	0.0628314448819758	0.0180882666479611	0	0	0.0145296605046027	0	0	0.123472690361009	0.14050860505462	0.0141975105999269	0.472247948507273	0	0	0	0.022844849466645	0	0.0804025540789291	0	0.1588314165357	1.05043018420132
TCGA.19.2629.01A.01R.1850.01	0.00108031286727021	0	0	0.0210355406918296	0	0.122170870741645	0	0.000288022199106185	0.00676379356137399	0	0	0.0346000433842611	0.229117699846179	0	0.0365979892631902	0.416010232177049	0	0	0.112379625888733	0	0.013735254579442	0.00622061479992065	0	0.200558652302135	1.01004570667436
TCGA.06.0174.01A.01R.1849.01	0.0117623919202385	0	0	0	0	0.051927322158654	0	0.00429669702921034	0.0113513889655782	0.00714460478760276	0	0.0184629381973338	0.0338769453556263	0.447446107048138	0.0173656977818663	0.348373920687163	0	0	0.0122496478806353	0	0	0.0357423381879535	0	0.209743204849012	1.05826493142372
TCGA.28.2510.01A.01R.1850.01	0.00262698797353088	0	0	0	0	0.1983149161624	0	0.0155534977181379	0.0296121378972609	0	0.0448387740838263	0.0202739024234484	0.123189948483447	0.222102644436873	0.00507622100793996	0.269292842412901	0	0	0.0189983454573042	0	0	0.0501197819429311	0.02	0.14560727919439	1.03874226456907
TCGA.15.0742.01A.01R.1850.01	0.00430788203896411	0.00482016899131428	0	0	0	0.111474717032079	0.00507602803764859	0.0112810630092894	0.0610178202716142	0	0.118309751949779	0.00339696131018226	0.0422638886765033	0.226629732280412	0.0162604782707392	0.340522681500835	0	0	0	0.00137679634779531	0	0.053262030282844	0.1	0.0964199457520381	1.06646854537735
TCGA.32.2634.01A.01R.1850.01	0	0.00771550747226513	0.00539601335959596	0	0	0.115015915480167	0	0.0080662955647621	0.0119697928014231	0.0108283148923304	0.00593475645266852	0	0	0.497418100618789	0.00799829434874394	0.315484602087936	0	0	0	0.00739248438925552	0	0.00677992253206338	0	0.197796094309082	1.06929009346148
TCGA.06.0139.01A.01R.1849.01	0.0123957190313807	0	0.00306520342081149	0.0386254516589211	0	0	0	0.0536383543490035	0	0.0116554993120161	0	0.0322054296187035	0.124680664192661	0.0524335817424888	0.037589142100997	0.56330314802334	0.00734379359138929	0	0.0121120360138276	0	0	0.0509519769444602	0	0.237987732267833	1.0094136673848
TCGA.06.0644.01A.02R.1849.01	0	0.00393288484888217	0	0.0163726615094987	0	0.172246649957056	0.015501084441446	0	0.0133054689712961	0	0.0063481200958947	0.000654682392201588	0.118994808682525	0.231945785962204	0.0209817693348073	0.343201199595072	0.0146194331655859	0	0.0366929061070032	0	0	0.0052025449365265	0	0.169321114312645	1.03324147522899
TCGA.06.0171.02A.11R.2005.01	0.0194230904129612	0	0	0.0191792053871811	0	0.0213728600444819	0.0184538211708735	0	0	0.00292384832744307	0.0132881608865945	0	0.214715313115025	0	0.0154447094601738	0.501484929509431	0	0	0	0.0440892238793563	0	0.129624837806479	0	0.272990629385229	0.997037907034195
TCGA.76.4931.01A.01R.1850.01	0	0.0073774463410442	0.000486644825156478	0.0203547588824345	0	0.0706601643310375	0	0	0	0	0.0387945004526047	0	0.0300712961214962	0.483196956655568	0.0419487411408386	0.292073339764871	0	0	0.00479488567728775	0	0	0.0102412658076615	0.02	0.146694868557977	1.09232627360872
TCGA.06.0156.01A.02R.1849.01	0	0.00324624141964475	0.00901968619149005	0.0566614341258283	0	0.0820366821489367	0	0	0	0	0.0519864670202608	0	0.0817012202035066	0	0.0133673133912657	0.645664233827381	0	0	0	0.0122571383850015	0	0.0440595832866847	0.14	0.0793500429669984	1.08933558505139
TCGA.28.5213.01A.01R.1850.01	0	0.0104834326294613	0.00123519177801996	0.0439428163308659	0	0.0712896086563431	0.0302906154107222	0	0.0261984497883464	0	0.0296579593838662	0	0.251992985436547	0	0.0110085209399693	0.366490742470394	0	0	0	0.0567072154710016	0	0.100702461704463	0.12	0.0865482762816057	1.06869551243279
TCGA.32.1980.01A.01R.1850.01	0.0139093231363823	0	0.000954161995715794	0.0148880583248447	0	0.0613424077623486	0	0.000878707566506109	0	0	0	0.0407947584494714	0.117910355127101	0.334296579240742	0.0269152689524854	0.338452880955711	0	0	0	0.0460202057803118	0.00176636826562674	0.00187092444275353	0	0.166599155545375	1.0570728491516
TCGA.02.2483.01A.01R.1849.01	0.00402735168890116	0	0.000904182153181987	0.0158294507028364	0	0.0547855556049935	0	0.0113517272575057	0	0.0101017783955679	0	0.0222175712065779	0.180449923681464	0.10243193364949	0.037191796893956	0.434850635390932	0	0	0	0.064338223741854	0.0414153701662913	0.0201044994664486	0	0.30115140475079	0.972658203991914
TCGA.12.5299.01A.02R.1849.01	0.00221363126386628	0	0.000937481001984322	0	0	0.222644603231935	0	0.000907267260047407	0.00639295285672486	0	0.0924986394825865	0.0160052566749594	0.142290946251349	0	0.0426906309837341	0.41719893418253	0	0.00410271669844561	0.0149268015744273	0	0.000679741407317027	0.0365103971300929	0.2	0.047177497246767	1.07409640449604
TCGA.32.2638.01A.01R.1850.01	0	0	0.00583672285545522	0	0	0.157403552959215	0	0.00343072727587838	0.0168734608956526	0.0347919947669396	0	0.0577603399855919	0.102401080808579	0	0.0839021979284036	0.511149206655149	0.00268587858812722	0	0.010798509293034	0	0	0.0129663279879749	0.2	0.0478201684294562	1.08566754014932
TCGA.28.5215.01A.01R.1850.01	0.0407227208515286	0	0.0130028589123408	0.0226337647882055	0	0.0366258660417296	0	0.0397303970558966	0	0.00361304462105142	0	0.0256236179385472	0.180023488666539	0.141375433280959	0.0503455744944166	0.312871633850449	0	0	0	0.107374784266561	0.024651542027348	0.00140527320442785	0	0.184325501972481	1.02043634308795
TCGA.27.2519.01A.01R.1850.01	0	0.0430277121097126	0.000497826427566793	0.0520816442591682	0	0.0902511454988196	0.0161984309427862	0	0.0231083601901706	0	0	0	0.212826528008898	0.0567205151148586	0.0217090024853187	0.470591448754249	0	0	0	0.00421070466447184	0	0.00877668154397979	0.0600000000000001	0.118285785164389	1.05680046410209
TCGA.41.2571.01A.01R.1850.01	0.0122112421520688	0	0.00218994876967581	0.0343789111918681	0	0	0	0.0304012297615552	0	0	0	0.022770102624939	0.0662987318734031	0.293098161763201	0.0215299590930523	0.25319714689851	0	0	0	0.228238134110019	0.0323150220073256	0.00337140975438221	0	0.177135982914865	1.05433276742523
TCGA.27.1831.01A.01R.1850.01	0.00096398119248456	0.00321078380650803	0.00167429378646027	0.00983967091617942	0	0.184338916595435	0	0	0	0.0280412710573865	0	0.0807775344372096	0.160191495777298	0	0.0459802551818821	0.439072860721217	0	0	0.0326595212940999	0	0.00734931512871476	0.00590010010512454	0.02	0.135326556892302	1.03950118798122
TCGA.06.5412.01A.01R.1849.01	0.00266545615206837	0	0.0044357355281477	0	0	0.0997915070910226	0	0.00749791600072825	0.00158266274983202	0.0214802971821432	0	0.0223528234306579	0.215269662108277	0	0.0103840694935504	0.464122413322052	0	0	0	0.0873248917794487	0.0422768099522896	0.0208157552097821	0.18	0.0617410705083598	1.0829563732909
TCGA.06.0238.01A.02R.1849.01	0.0132541909887041	0	0.00197058381673302	0.0193168620458934	0	0.0718451935101702	0	0.0121395228909856	0	0	0	0.033379500099857	0.0520561212046548	0	0.0230244558046147	0.532925221653939	0	0	0	0.0608594412795857	0.172003550321258	0.00722535638360453	0	0.347003039033559	0.947332180502396
TCGA.08.0386.01A.01R.1849.01	0	0.00565815575095982	0	0	0.0132246483032369	0.0288022469870357	0	0	0.00283922171803191	0	0.084661934128634	0	0.18585557148536	0.177709549359954	0.0129617689004654	0.244652735568324	0	0	0.172338129442182	0	0	0.0712960383558156	0.14	0.0862521789098407	1.06477880073823
TCGA.06.2570.01A.01R.1849.01	0.0211318960672369	0	0	0	0	0.106809221484038	0	0.016647885381489	0.0455388748451062	0	0.0806800050198246	0.00979366752356326	0.0772518092877359	0.265009332429553	0.0139522072266809	0.312101769079871	0	0	0	0.00577426947804633	0	0.0453090621768551	0	0.296531699488019	0.973523778344959
TCGA.16.0846.01A.01R.1850.01	0.0028302269594962	0	0	0.00727553083495261	0	0.163607795210657	0	0	0	0.00813161974685167	0	0.0299972883363281	0.105942732922669	0	0.157206227249603	0.459396116750267	0.00175501438475831	0	0	0.0564389319691751	0.00610369620170724	0.00131481943353464	0	0.241535166568626	1.00171946709015
TCGA.27.1837.01A.01R.1850.01	0.00451141105870841	0.00242925985528314	0.00152577953415837	0	0	0.23513889075095	0	0.0135753630215397	0.0102443988297049	0	0.093777137634575	0.0509904758585274	0.114354950996654	0.0458012194342245	0.112079907301008	0.247657512617905	0	0	0.061003541111843	0	0	0.00691015199491808	0.14	0.0783140644545014	1.05605032633841
