B cells naive	B cells memory	Plasma cells	T cells CD8	T cells CD4 naive	T cells CD4 memory resting	T cells CD4 memory activated	T cells follicular helper	T cells regulatory (Tregs)	T cells gamma delta	NK cells resting	NK cells activated	Monocytes	Macrophages M0	Macrophages M1	Macrophages M2	Dendritic cells resting	Dendritic cells activated	Mast cells resting	Mast cells activated	Eosinophils	Neutrophils	P-value	Correlation	RMSE
TCGA.KO.8407.01A.11R.2315.07	0.0611842186821398	0	0.00506495424853817	0.162218852920445	0	0.0841267393276199	0.0279026192488014	0.00177278117700516	0.00702786222939653	0	0.0255713007185212	0.00642120158899167	0.0535445950365083	0.0568833012166733	0.0642563179018082	0.254092647157757	0.0406483521901801	0	0.149284256355614	0	0	0	0.08	0.108731505359411	1.03099840584894
TCGA.KM.8439.01A.11R.2315.07	0	0.0146568027970665	0.000880596869309163	0.0114606637132842	0	0.229268702754078	0	0	0.0118846241636213	0.0342968306255156	0.0258737360998755	0	0.248731403090149	0.0301482850180736	0.0635813028356774	0.155835849077632	0.0123218887965762	0	0.138481273417854	0	0.00211641310476244	0.0204616276365247	0.3	0.0357946229717854	1.06406536816605
TCGA.KN.8437.01A.11R.2315.07	0.0227816598131031	0.035749292179394	0	0.0422348315669722	0	0.111591012456255	0	0	0	0	0.0357415193205684	0	0.270293726295768	0	0.00766797554022058	0.279829806483826	0	0.0984172606546537	0.0576690673310775	0	0	0.0380238483581627	0.7	-0.00438989234377389	1.08599354660661
TCGA.KN.8421.01A.11R.2315.07	0	0.0119954300341331	0.00372502474094025	0	0	0.191648925614027	0	0	0.0365367016883778	0.112502748105659	0.104949908073111	0.1869853937131	0	0	0.0174115482291921	0.14827500398159	0	0.0498023036821231	0.136167012137746	0	0	0	0.8	-0.0170572574705952	1.15306855390724
TCGA.KL.8338.01A.11R.2315.07	0.0986046734848394	0	0.00846148541217748	0.0770031094553106	0	0.138319856306247	0	0.0103437226342502	0.0107607355032726	0.00399960895375805	0	0.109560491941646	0	0.135290308178124	0.066630064674753	0.24835068557996	0.0142634956360623	0	0.0784117622395988	0	0	0	0.26	0.0450219776297833	1.06785096922757
TCGA.KM.8441.01A.11R.2315.07	0.00945232395989395	0	0.00217037169112412	0.0658976012005052	0	0.181308044855403	0	0.00528620428890238	0	0.0145466429779515	0	0.0489579888634408	0.170726871418094	0	0.089308048893615	0.176922898372304	0	0.0118898036788456	0	0.178568935564518	0.0444336704535409	0.000530593781861485	0.14	0.0740160369999597	1.06352342381563
TCGA.KL.8331.01A.11R.2315.07	0.123069972398819	0	0	0.0152512245405944	0	0.145849613070955	0	0.0413812940006955	0.0396384288553727	0	0.0600590609333205	0.0362866824259292	0	0.188966764589501	0.0540305916323272	0.159588625387556	0.00574940267093663	0	0.130128339493993	0	0	0	0.2	0.0562890862795875	1.05702773854598
TCGA.KN.8429.01A.11R.2315.07	0.0688942894180021	0	0.0141373648061326	0.0219892284791065	0	0.130502793860216	0	0.00146378914208477	0.00786944806943904	0.053342259818379	0.0654833219100652	0.0350886471230367	0	0.209095002715716	0.0548684600339367	0.225407494366048	0	0.0580432833463482	0.05381461691149	0	0	0	0.38	0.0299468507538316	1.0772145039693
TCGA.KO.8404.01A.11R.2315.07	0	0.0138893583603885	0.000382415915862049	0.00829125120936797	0	0.0312822665783488	0.0158925987498457	0	0.00174066395302697	0	0	0.0116069511924901	0.00617022858714264	0.393818391355234	0.0422774860426095	0.463743773221141	0	0	0.0109046148345434	0	0	0	0	0.551321966493884	0.837825672339797
TCGA.KL.8341.01A.11R.2315.07	0.00906290105208743	0	0.00143215076615433	0	0	0.109560898121437	0	0.0187322882121234	0.0179390103220524	0.0272832054379211	0	0.0299272361039371	0	0.0681024139545359	0.00127111101422918	0.135233757511151	0.130923529313416	0.231415567261457	0.112489524745819	0	0.0428351353961865	0.0637912707874933	0.6	0.00150970548293495	1.08251835360209
TCGA.KL.8328.01A.11R.2315.07	0.0113011638953441	0	0	0	0	0.231920939050985	0	0.0622409017940866	0.00969839433726519	0	0.0291884068792489	0.113555483452312	0	0.111929374233571	0.0344693176750957	0.245251876805263	0	0.0606470312438874	0.0867784395514274	0	0	0.0030186710815139	0.72	-0.00689083986017589	1.09151489063804
TCGA.KN.8431.01A.11R.2315.07	0.00719710344142288	0.0245298307266285	0.0118178545667052	0.141950804143887	0	0.124060349892928	0	0.0205899455284145	0.0254726997774669	0	0.171053015954469	0.0257740660691447	0.0700686070905898	0.00764758196263757	0.0487568106911119	0.287580837176193	0	0	0.0238162282890692	0	0	0.00968426468933121	0.42	0.020792705967655	1.08898300919797
TCGA.KL.8333.01A.11R.2315.07	0.195494408597013	0	0.0256364955895314	0.0964811695741403	0	0.191806739829338	0.01777321166321	0	0	0.0554794881972509	0	0.0305225560385862	0.0274385816237254	0.0582945845220558	0.0572182573190689	0.166942093241487	0	0	0	0.0354697265384094	0.0258929383471667	0.015549748919017	0	0.303502636770058	0.960225114855927
TCGA.KO.8416.01A.11R.2315.07	0.0113266109565931	0	0.00335578521049016	0	0	0.11562136503676	0	0.0098740812301896	0.0309110512523122	0.0309085840106066	0	0.0413975090937721	0	0.361633632361945	0.0182176142652615	0.217862427215102	0.00248599722265945	0	0.15502859883712	0	0.00137674330718754	0	0.14	0.0701889258552038	1.08324058493679
TCGA.KL.8344.01A.11R.2315.07	0.0754000768577573	0	0.0040405075733217	0.0101486439612679	0	0.154981446538591	0	0	0.0462599975825477	0	0.0507777773679905	0.021756785413801	0.1088731054697	0.0653464611934694	0	0.248033610028644	0	0	0.214381588012909	0	0	0	0.5	0.013210524716457	1.06977612162351
TCGA.KO.8414.01A.11R.2315.07	0.0494109541387304	0	0.0146932436442333	0.0475695419232796	0	0.178649434901053	0	0	0.00933590984149484	0.149910434112591	0.0802354760902157	0.111892770315641	0.0115285079266922	0	0.0545142851101091	0.134227610633945	0	0.0534252420829664	0.104606589279048	0	0	0	0.02	0.196351383776788	1.02745443997585
TCGA.KN.8423.01A.11R.2315.07	0.123962362005577	0	0.00445402350615075	0.0500627250993572	0	0.296186672540499	0	0	0.0102917460614692	0.0064886120671481	0	0.0449993786814082	0.118926710163283	0	0.055711726424241	0.220819861202238	0.018154476366868	0	0.045934001828417	0	0	0.00400770405334332	0.28	0.0421419582584484	1.06326776465941
TCGA.KO.8413.01A.11R.2315.07	0.0382551627690462	0	0.0253443108907849	0.101636110282928	0	0.197911171029661	0	0	0.0216151000891176	0	0	0.0427920669322647	0.121504155937697	0.0216104705775305	0.0655661381462267	0.22908701683325	0.00599579240897952	0	0.112341939160503	0	0	0.0163405649420089	0.1	0.102488672429777	1.03495004923935
TCGA.KN.8426.01A.11R.2315.07	0.0477661459800468	0	0	0.0453180147149038	0	0.259202281145857	0	0.0173347486094549	0.000494640696167453	0	0.0967154509312017	0.0108108549918144	0.0297861318247476	0.0206259006980985	0.0572446554642811	0.279267832094513	0.0421722482860078	0.0146546601609971	0.0512526289198037	0	0.0192084610049643	0.00814534447714109	0.2	0.0564969983910673	1.05678687290477
TCGA.KN.8424.01A.11R.2315.07	0.00693079772578392	0	0.00379545664567889	0.0285495337593724	0	0.215957176554511	0.00389904209501796	0	0.0267986948926119	0	0	0.044103459875551	0.0379555289698353	0.0981291125506579	0.0547827547382277	0.25029658665421	0.0108648045090745	0	0.193281384910961	0	0.0105663087432014	0.0140893573753062	0.08	0.111458641167781	1.0355116039822
TCGA.KL.8335.01A.11R.2315.07	0.0331411114947024	0	0	0.0906342592094434	0	0.355839515558721	0	0.0145464263622136	0	0.027769410779109	0.0244249317183201	0.0664532729175193	0.0475176233800346	0	0	0.167164427395532	0	0.112321986264229	0.0594094979299572	0	0	0.000777536990218027	0.72	-0.00604682197957202	1.10102095816721
TCGA.KL.8336.01A.11R.2315.07	0.0535528966086807	0	0	0.0566035703715119	0	0.19911934627697	0	0.00726090523729598	0.0424663231901365	0.0207082065134412	0	0.0436070710090932	0.0732711609080648	0	0.0866288984512875	0.261624801572107	0.0307656848598637	0.0664856435825531	0.0571656616914931	0	0	0.000739829727502031	0.3	0.035560151478158	1.06581274061482
TCGA.KL.8324.01A.11R.2315.07	0.00944560395682826	0	0.00365312138413856	0	0	0.21405197793508	0.0028682897397106	0	0.0169793612881563	0.00213188261343347	0.0953852876910957	0	0.0701172933518839	0.07663587276179	0.0559789205857068	0.135769614543943	0	0	0.307622603993263	0	0.0093601701549709	0	0.26	0.0496589903949754	1.06509772598315
TCGA.KL.8343.01A.11R.2315.07	3.32793128631239e-05	0	0.00459961173927635	0	0	0.147652512707259	0	0.00459344983312247	0.0121755889455734	0	0.0374088296696121	0.0110439519880607	0.0972053718483903	0.221627294041078	0.0407819882519518	0.121731703154625	0.00125591411114667	0	0.294003650680953	0	0.00588685371608856	0	0.6	-0.000750310080347624	1.09284948941185
TCGA.KO.8405.01A.11R.2315.07	0.03701568069752	0	0	0.0865952980413706	0	0.0815768417585905	0.026245518644031	0	0.0367575361169387	0	0	0.0216381602353281	0.054562016834613	0.0589683848411787	0.0291930155640335	0.534022942597768	0.00532371068672081	0.00432950334325377	0.00844823482273416	0	0	0.0153231558159189	0	0.426125556029692	0.905476883039863
TCGA.KL.8345.01A.11R.2315.07	0.0418991345246136	0	0	0	0	0.133288279512315	0	0	0.00106889408095337	0.00529321061081058	0	0.0642715114155472	0.0553241080283779	0.0771176979928428	0.0288725357151905	0.377892883806445	0	0.0241977234633685	0.176686224473661	0	0.0110291345427579	0.00305866183311744	0.64	-0.00309281125539177	1.08613624808895
TCGA.KN.8428.01A.11R.2315.07	0.134563901992666	0	0.0706669240104357	0.0882366496099521	0	0.242079382812752	0.00712188252647554	0.0277981317771316	0.0482536101485362	0	0	0.0385906014577541	0.00962968954307145	0.0832042254300967	0.116045130502902	0.0647072140391465	0.00450028416856098	0	0.0646023719805187	0	0	0	0	0.256922821718352	0.984648710396312
TCGA.KL.8342.01A.11R.2315.07	0.0250987009647482	0	0.00130656324241774	0.0573387735165616	0	0.160303674926164	0	0.0105229893204639	0.00850667412949512	0.0518309459394274	0.050020006518169	0.0527758917498973	0.00499947645760481	0.0385266665320385	0.117815519944406	0.296333387935021	0.0204141226492338	0	0.104206606174353	0	0	0	0.02	0.151406411319611	1.02741875890841
TCGA.KL.8329.01A.11R.2315.07	0.00374939441747684	0	0.0011392584047458	0.112428749181998	0	0.121130975687176	0	0	0.0199849959256689	0	0	0.058497386603224	0.0223400936514667	0.121993503382883	0.0658197786426684	0.251070810806733	0.0469053250732813	0	0.17487704787417	0	6.26803485090955e-05	0	0.14	0.0787450118712811	1.05125884427625
TCGA.KO.8417.01A.11R.2315.07	0.0826245812306886	0	0	0.0571432364187974	0	0.160442122758199	0	0	0.0158569758800233	0.0049573555872818	0.10216017881205	0.0296190663897417	0.033381456912197	0	0.0793217780425404	0.275500839761187	0	0	0.138982709211991	0	0.0183365704481636	0.00167312854713801	0.62	-0.00109350711022857	1.07803649227532
TCGA.KM.8438.01A.11R.2315.07	0	0	0.00098346589216607	0	0	0.23846713393301	0	0.00957304845319376	0.00231657310482539	0.0575273133934672	0.0369770191539279	0	0.055113082524022	0.0251054016639961	0.0662846474059725	0.224457238013889	0	0.0333348874728818	0.213533595434133	0	0.00766638238277164	0.0286602111717438	0.5	0.0137167905502644	1.0719851924163
TCGA.KL.8325.01A.11R.2315.07	0.00539595284645363	0.00113608669472268	0	0	0	0.256332690413079	0	0	0	0	0.0487551964708538	0.0183270977574627	0.113485433355103	0	0.0692872054460951	0.296611782349844	0	0.0230244824930529	0.138750140775995	0	0.027062481707835	0.00183144968950334	0.52	0.0107185153122227	1.07149669963038
TCGA.KM.8442.01A.11R.2315.07	0.0120637187353777	0.0460038802121672	0	0	0	0.180764741999435	0	0.0183524409821448	0.0237213087071652	5.3559623274616e-05	0	0.145361459794265	0.0146562711823973	0.130447060694561	0.0261686223311241	0.224619093211102	0.00358381384032606	0.130838215228286	0.0304721751455004	0	0.0128936383128741	0	0.54	0.00917953276077132	1.08789716581527
TCGA.KN.8427.01A.11R.2315.07	0	0.000174051415794691	0.053340075195098	0.231317000642807	0	0.174237990827883	0.039829161954771	0	0.0654645101508834	0.0189476695253821	0	0.0137376492957371	0.041743400724617	0.0491878378629151	0.0521612471606477	0.132307640452492	0	0	0.0540781723696388	0	0	0.0734735924213334	0.04	0.125586152583986	1.03900138845068
TCGA.KO.8410.01A.11R.2315.07	0.05865070912375	0	0.0132656373161746	0.0731007165546644	0	0.341359621953183	0	0	0	0	0	0.06148332856329	0.044629944251459	0	0.0157852352166183	0.269724030824435	0	0	0.118258908314787	0	0.00374186788163908	0	0.38	0.0278523601047984	1.07336842667254
TCGA.KM.8443.01A.11R.2315.07	0.00822441670602586	0	0.00247377011675794	0	0	0.231026740594122	0	0.0145776371569535	0.0191383257417636	0	0.114142194467476	0.0323664481926872	0.0320237383842064	0.188212001581283	0.0877645461553683	0.241474361111043	0	0	0.0285758197923143	0	0	0	0.72	-0.00681875071719084	1.09900549659339
TCGA.KM.8440.01A.11R.2315.07	0.0833259676636503	0	0	0.00709925110762386	0	0.167233177957655	0	0.0261193915051592	0	0.0102627130405466	0.0485971979929209	0.0555514635857431	0.0628884277245528	0.058623891595614	0.0154954591497954	0.302285810250631	0	0.0765247930398468	0.0620724643171464	0	0.0200073585780549	0.00391263249105966	0.86	-0.027982660870129	1.08514211581396
TCGA.KO.8403.01A.11R.2315.07	0.0396877397631673	0	0	0	0	0.166285640950418	0	0.0244111972712748	0.0110968303191868	0.0345014083739844	0	0.044424834682927	0.0428366838259131	0.101937930683773	0.110283225765348	0.289708691085141	0.010516949948504	0	0.124308867330364	0	0	0	0.04	0.139476148726412	1.02776179748288
TCGA.KL.8332.01A.11R.2315.07	0.0954130571529778	0	0.0150721869070358	0.0707380589114105	0	0.171432305774086	0	0	0.0248724927432826	0	0	0.0542865440679425	0.0641528321712138	0.0380059750982489	0.0863181533528949	0.217420806166072	0.0236016361699987	0	0.114033219456067	0	0.0194575957107091	0.00519513631806028	0.42	0.0213287563270889	1.0637244390949
TCGA.KL.8340.01A.11R.2315.07	0.0456457149478796	0.0138630915994476	0	0.0271165752815643	0	0.188772068717406	0	0	0.00472834449614184	0	0.111353242532529	0.0937055753767799	0.0304467421281547	0.0404791736940396	0.0457886131826392	0.202205303011944	0	0.0314369367447996	0.164458618286675	0	0	0	0.52	0.0101444282064578	1.0829912145828
TCGA.KO.8408.01A.11R.2315.07	0.0072470908337514	0	0.00131607421226093	0.0918906407383053	0	0.219924190772278	0	0.00152093481021805	0.0738217909935029	0	0	0	0.138545380195348	0.100443114357608	0.0909539050244946	0.107345463474286	0	0	0.165748265268726	0	0.00124314931922061	0	0.5	0.0119305806351656	1.0757036046085
TCGA.KL.8326.01A.11R.2315.07	0.125951558317874	0	0.0595578679807711	0.0937635345839005	0	0.0419562378103567	0	0	0	0	0.115318630291805	0.0398301149760781	0.0661626736869152	0.0554680217977783	0.0732517056535076	0.0963580981357811	0	0	0.186875919607797	0	0.0455056371574358	0	0.2	0.0559576945675688	1.05928969906129
TCGA.KL.8346.01A.11R.2315.07	0.048187160146537	0	0	0	0	0.0803982988427835	0	0	0.0269235020190066	0	0.0955236539876148	0	0	0.398765330262648	0.0336074903752478	0.12654452248374	0	0	0.190050041882422	0	0	0	0.84	-0.0252324786562037	1.12481773197664
TCGA.KM.8476.01A.11R.2315.07	0.0118831289794002	0	0.00116743906458606	0.0792797990566726	0	0.0148012743011443	0.0153429758496936	0.000594497847991653	0.00838974631414559	0	0	0.0725838676238479	0.00794966665644678	0.113030414376072	0.022952012080269	0.472780395911978	0	0.0476250695636245	0.12820316028359	0	0.00341655209053769	0	0.18	0.0579485917318775	1.07890771455999
TCGA.KL.8327.01A.11R.2315.07	0	0.00965895780900974	0.000264479683943415	0	0	0.0731145734858917	0	0.0151378137310019	0.00547599104585729	0.0850054107637431	0	0.0848294428666634	0.0261680202645222	0.28537626183804	0.0180079564759148	0.233311062760745	0	0	0.138902570381678	0	0.024747458892989	0	0.4	0.0239003157011948	1.09476894687515
TCGA.KN.8435.01A.11R.2315.07	0.0168757142704169	0	0.00249469883813318	0.0401261595541162	0	0.129301017020128	0	0.013233708211286	0.0392475536721067	0	0.0218315792899291	0	0.0352362286741224	0.359949517793503	0.0040413332519324	0.0455204994629046	0	0.0750802262976171	0.210818605937166	0	0.00624315772663824	0	0.44	0.017839035324172	1.093782949535
TCGA.KN.8419.01A.11R.2315.07	0.0965391256622857	0	0.0128645578719452	0	0	0.305776885460185	0	0.0202461010897732	0	0.00114063760385259	0	0.0244413027836286	0.0988512138797389	0.0655674075169958	0.0917519702937706	0.131720443885138	0	0.0217752556450212	0	0.0261241634892582	0.0983371747115063	0.00486376010690079	0.26	0.0458821667797516	1.06088391379209
TCGA.KO.8409.01A.11R.2315.07	0.0457434018304238	0	0.0107292612941416	0.0547593986584047	0	0.146556641687881	0	0	0	0	0.129467632408783	0.0755749757665472	0.133398770619509	0	0.0383501589743714	0.174389338676358	0	0.0920386113249862	0.0873581035156115	0	0	0.0116337052429815	0.46	0.0159745671045634	1.07864112436353
TCGA.KO.8406.01A.11R.2315.07	0.0653799599309115	0	0	0	0	0.119502270318874	0	0	0.0215301959572213	0.0583931866218797	0	0.07923141414498	0.0493436816974901	0.195259425824184	0.0446435446384677	0.230453715689073	0	0	0.136262605176919	0	0	0	0.52	0.00985321403991621	1.08109864966489
TCGA.KM.8477.01A.11R.2315.07	0.0283997539374991	0	0	0	0	0.149448638516232	0	7.06748508557401e-05	0.0170999002385726	0.053522778745004	0	0.104966837248704	0.0711914176459852	0.0918401510364908	0.0434753063118311	0.165874128548392	0.068797722851051	0.00782976383823034	0.159486255750727	0	0.0374568582774005	0.000539812203024881	0.64	-0.00231412508318138	1.07636910943059
TCGA.KN.8430.01A.11R.2315.07	0.0784828718181573	0	0.00705546883299355	0.116727480539815	0	0.151126749584427	0.00648150764401796	0.060372363994371	0	0.0475995325640827	0	0.0380005631593554	0.0692530032184697	0.0677048024120875	0.0894613759815485	0.209057905392208	0.00172021811561071	0	0.0507827816576188	0	0	0.00617337508523621	0.04	0.126671244864141	1.03198541206237
TCGA.KL.8339.01A.11R.2315.07	0.0336459310884845	0	0	0.0183090222211275	0	0.143348318982568	0	0.0322965951211562	0.0120794247876657	0.014669832414101	0	0.0970154458088844	0.0478043135989271	0.0591327910884065	0.0914597479015402	0.163072454655674	0	0.154990177803765	0.109628309638199	0	0.0126181506691296	0.00992948422037052	0.04	0.117026394795144	1.04041715661651
TCGA.KN.8434.01A.11R.2315.07	0.0286692862806628	0	0	0.0430809507119776	0	0.107938967776642	0	0.0137222155756673	0.00438447062400078	0	0.00632414392555283	0.0661904144634891	0.0741029424185132	0.067224303195319	0.0618208425963725	0.344422514827901	0.00489397052275594	0	0.168528959925091	0	0	0.00869601715605459	0.12	0.0891480444385275	1.04767165318269
TCGA.KO.8415.01A.11R.2315.07	0.030772114001531	0	0.0026643470526008	0.0491877500749006	0	0.0525987605196513	0	0.00193157232341724	0.0224396211378838	0	0	0.121767821515803	0.0471307663990548	0.0923132913749287	0.123925439326721	0.18150934285489	0.0178258746849257	0.0589503801901929	0.14688742797872	0	0.0416586701940858	0.00843682037069294	0.08	0.111258578364258	1.04479729602402
TCGA.KN.8418.01A.11R.2315.07	0.0451063490780255	0	0.00762037283008964	0	0	0.159983087554586	0	0.0642065890345459	0	0.055545888933748	0	0.107682563056659	0.00750162377324819	0.132786619542607	0.0394783431964536	0.210114028538474	0	0.0637909082246562	0.0997843408245631	0	0	0.00639928541234414	0.8	-0.018571829516927	1.08962850721258
TCGA.KL.8330.01A.11R.2315.07	0.0396795040592322	0	0	0.0375927907777898	0	0.220846602213432	0	0.0375468963702533	0	0	0.0479795887207008	0.0562437209016349	0.0645280087673598	0.0335320072096219	0.0151534188451615	0.224196091061293	0	0.0718577855967943	0.144880916884569	0	0	0.00596266859215741	0.76	-0.0145651262810267	1.07890734677964
TCGA.KN.8436.01A.11R.2315.07	0.0550413588766861	0	0	0.0426911705915913	0	0.418133663231463	0	0.0630143919355415	0	0	0.0318232533520735	0.0676456233140897	0.00922749149563248	0	0.112926858464321	0.11739191111692	0.0105182564595357	0.00368081614406061	0.0679052050180851	0	0	0	0.2	0.0549738830160176	1.08770984869215
TCGA.KN.8432.01A.11R.2315.07	0.0581569070985807	0	0.00143641556311359	0.0177630136755093	0	0.295168604861675	0	0	0.0188587399785899	0	0.132420795147789	0.0405865954908571	0.103062112549619	0	0.132033602906428	0.149826015454831	0.00570082904223432	0	0.0449863682307732	0	0	0	0.62	-0.00209616594206615	1.09802714608086
TCGA.KM.8639.01A.11R.2403.07	0.0386760226893071	0	0.000658059081314193	0.176594774995548	0	0.122715980401582	0	0.00806398089348991	0.0101032053175843	0	0	0.0328876633227735	0.136239975928154	0	0.0372695530128406	0.191089256416082	0.00323061102378456	0	0.234329908332115	0	0.00801961876728952	0.000121389818134098	0.14	0.0750985329905179	1.04989110812317
TCGA.KO.8411.01A.11R.2315.07	0.00695312498636648	0	0.00342965893499973	0.0578357844183589	0	0.118898888980241	0	0.00750029622844008	0.0322147833130722	0	0.05334259742425	0	0.129398422935621	0.128384281957305	0.060822800179938	0.222017725342139	0.00390895602661121	0	0.159478003561689	0	0.0158146757109683	0	0.6	0.00098702061071787	1.07603858714303
TCGA.KL.8337.01A.11R.2315.07	0.00136176733412983	0	0	0	0	0.159258732291211	0	0	0.0270176870237893	0	0.080108730698853	0.0765697916283895	0.280618484777223	0.0692624786227713	0.0110213505673076	0.0343071563380264	0	0.158580007694489	0.0558683544767481	0	0.00346225787876104	0.0425632006683007	0.88	-0.0334921056324554	1.10412186093048
TCGA.KN.8433.01A.11R.2315.07	0.020267264821785	0	0.00541347399740377	0.0617534944231914	0	0.147917638226773	0	0.00876839313186484	0.0581276328327347	0	0.0661903911876348	0.0257679399037153	0.0308509428307693	0.0839976191536368	0.0569887551731953	0.344541639372008	0.00837126345221698	0	0.0775035889824137	0	0	0.00353996251065652	0.12	0.0868895078544295	1.04938306065493
TCGA.KN.8425.01A.11R.2315.07	0.0927178183800675	0	0.00569212527599087	0.0308171067626007	0	0.151303606981948	0	0.00111984899736349	0.0191329127293524	0	0	0.0381565620426368	0.013306124895596	0.0138864272879702	0.0610150300051698	0.503234347890692	0	0	0.064937873456656	0	0	0.00468021529395611	0.04	0.138865133864092	1.03530251039263
TCGA.KL.8323.01A.21R.2315.07	0.0360239303831786	0	0.00319216652597793	0.0394067535291535	0	0.175589541629596	0	0	0.0158612273574259	0	0.120244159997301	0.0515835989444939	0.013599902541414	0.084110703271872	0.0165173421524512	0.136901624597179	0.0890051149873283	0.119105477043605	0.0853021348855547	0	0.0113556430666107	0.00220067908685888	0.74	-0.00761943293378551	1.0824223416789
TCGA.KL.8334.01A.11R.2315.07	0.0395611947199546	0	0.00463660475121113	0.0248775299329499	0	0.195212660100742	0	0	0.0258568896763424	0.00312742168111278	0	0.0767594292177246	0.0254583673897175	0.00126402433213751	0.069014740351006	0.292578499719847	0	0	0.228967055263239	0	0.012685582864015	0	0.26	0.0472168902499567	1.06236213299547
