B cells naive	B cells memory	Plasma cells	T cells CD8	T cells CD4 naive	T cells CD4 memory resting	T cells CD4 memory activated	T cells follicular helper	T cells regulatory (Tregs)	T cells gamma delta	NK cells resting	NK cells activated	Monocytes	Macrophages M0	Macrophages M1	Macrophages M2	Dendritic cells resting	Dendritic cells activated	Mast cells resting	Mast cells activated	Eosinophils	Neutrophils	P-value	Correlation	RMSE
TCGA.Q2.A5QZ.01A.11R.A28H.07	0.00612089700299657	0.0171423082390218	0.00407836461228446	0.0683118287193624	0	0.103867283386061	0	0	0.0043058898886025	0.00540386978190239	0	0.0368272262398164	0.0095237472379053	0	0.0203666935981578	0.516033505075165	0	0.0278672319297689	0.180151154288956	0	0	0	0.02	0.265696804529856	0.980488901335482
TCGA.IA.A83W.01A.11R.A355.07	0	0.0254677826641896	0.0282937863020232	0.17186894602696	0	0.144330295044982	0	0	0.0229702262411792	0	0	0.0368904934957308	0.0102182578933425	0.105162935195309	0.0047670307327788	0.324791894989565	0	7.88120130166846e-05	0.123307542244163	0	0	0.00185199715676059	0.1	0.171967563009431	1.01567481168749
TCGA.A4.7915.01A.11R.2204.07	0.0749905696571613	0	0.00449618715529915	0.303316261732782	0	0.0800636918192491	0.142857611113728	0	0.0271533629180102	0	0.0124577014060781	0	0.010621943802936	0.0375007840162425	0.0855105509962548	0.106052108974765	0	0	0.114979226407494	0	0	0	0.12	0.148347500278611	1.02898276104466
TCGA.A4.8311.01A.11R.2404.07	0.0194772174234436	0	0.0199505521459191	0.0610199021480578	0	0.369955537168428	0	0	0	0	0.0139541393542786	0.0336614252611113	0.0162566480430726	0.033543924552072	0.000760540493939773	0.307124703115287	0	0.00887365043560338	0.103379853285131	0	0	0.0120419065736558	0.34	0.0516884308908056	1.066854713361
TCGA.2Z.A9JG.01A.11R.A42S.07	0.0500117093366757	0	0.0100273487675376	0.117166061800029	0	0.305491998606129	0.00787943915207951	0.0148791876526563	0	0.0103855164661036	0	0.0184546615597917	0.00212460564830089	0.0400620670820557	0.0564899213790284	0.323751810885835	0	0	0.0401413589856968	0	0	0.00313431267808186	0.12	0.167351771051234	1.0218418263033
TCGA.5P.A9JZ.01A.11R.A42S.07	0	0.0110243668796874	0.00227648245818794	0.0671750073940356	0	0.100887430208832	0	0	0.0241877643265235	0	0	0.0360675410560536	0.0163890322628955	0.197856816603805	0.00553926310725251	0.510804206326067	0	0	0.0277920893766601	0	0	0	0.04	0.224054948993283	1.01788789181182
TCGA.A4.A5XZ.01A.11R.A31O.07	0.00142779076372753	0.0131395143784499	0	0.0576446633087277	0	0.124167121227202	0	0	0	0.00630588293284736	0	0.00360234391450484	0.00225741955748827	0.026513916785611	0.00812968028699019	0.702118606033116	0	0	0.0533613007970639	0	0	0.00133176001427161	0	0.354350458488348	0.952257506378667
TCGA.KV.A6GE.01A.11R.A31O.07	0.0169590462576175	0.0255887502132521	0.0222134402914415	0.0869914470013024	0	0.251603997096307	0.0125493012894261	0	0.0146885580509264	0	0	0.0695899557581985	0.0126525061214951	0	7.75297435071291e-05	0.249173157891794	0	0.0139770644526652	0.217835206225307	0	0	0.00610003960676056	0.02	0.320791253101801	0.951447715488543
TCGA.UZ.A9PP.01A.11R.A42S.07	0.0136613489875947	0.00492253196504149	0	0.0805923152516725	0	0.255951082282281	0	0	0.0164416867603848	0	0	0.0543680327887335	0.00908976720711688	0.075084828944787	0.00703408436259177	0.293291953008523	0	0.00731005155959135	0.163968552422942	0	0.0182837644587401	0	0.22	0.0828387758393522	1.05132036380366
TCGA.2Z.A9JI.01A.11R.A42S.07	0.0522699612381919	0	0.146838185221155	0.125281144053886	0	0.16346308085803	0	0.0111334726503337	0.024179232100535	0	0	0.0460219114946015	0.0755443219717112	0.00699092498767677	0.0339786866275744	0.228639495204593	0.00287068288374134	0	0.0482359281962797	0	0	0.0345529725116908	0	0.325268708638643	0.949720887618519
TCGA.B1.A47N.01A.11R.A24Z.07	0.0151668293338601	0	0.0109557706305764	0.124193017072338	0	0.459944327817506	0	0.00427710194017075	0.0809375646715074	0	0	0.0581256462869577	0.0252247713738796	0.00346393417855935	0.00408204558021163	0.186521734151382	0	0	0.0180219524644974	0.00908530449855264	0	0	0.12	0.160438248426347	1.05377513285986
TCGA.DW.7839.01A.11R.2139.07	0.0408298893248769	0	0.0129019745299659	0.149490439073357	0	0.353152599103893	0	0.0036297740161249	0.0475069328479	0	0	0.0276167106214455	0	0.093754779860183	0.0232826723673298	0.025943891810153	0	0.00278042661559445	0.219109909829176	0	0	0	0.3	0.0587284760694367	1.08274372496487
TCGA.2Z.A9J9.01A.11R.A42S.07	0	0.00589437790875717	0.00662574192240088	0.095362362148284	0	0.319948476141773	0	0	0.00824930935237655	0	0.056130020038123	0.0682540388101794	0.0428812666459608	0	7.18991895398329e-05	0.211906159266667	0	0.0407475599238755	0.142221093047343	0	0	0.00170769560472025	0.3	0.0606431403355858	1.06796582911931
TCGA.IA.A83S.01A.11R.A355.07	0.0638145977919683	0	0.00506284760424924	0.0648880460005387	0	0.200755205291254	0.00198930391682331	0.00165067995933262	0.00566463868404746	0	0	0.0221172689083805	0.0455347100753596	0.182861412277991	0.0231661591319458	0.313927299387807	0.00505882756869414	0	0.0372644744213942	0	0.0145369918292849	0.0117075371509287	0.04	0.230198501332169	0.994363662911972
TCGA.BQ.7049.01A.11R.1965.07	0	0.0194231610508844	0.326141084540415	0.0655104614597311	0	0.178510536474546	0.0483932354099038	0	0.0268626086366571	0	0.00595824676047949	0.0057790178862809	0.0212536379116034	0.00929157055804386	0.014775297259989	0.106510348776691	0.0655197845195596	0	0.0534395262753306	0	0	0.0526314824798854	0	0.442350592300584	0.901516679753323
TCGA.5P.A9JW.01A.11R.A42S.07	0.0621119177252065	0	0.00698049144593934	0.107668593940212	0	0.165905368293711	0	0	0.0264758317362783	0.00206153657613118	0	0.0174539692531635	0.0419705306032533	0.056918642834981	0.0368970534482397	0.458944143144986	0	0	0.0166119209978979	0	0	0	0.02	0.314528883803529	0.95793658479508
TCGA.G7.7501.01A.11R.2204.07	0.0119507636313156	0	0.00998246417737162	0.0406907626286808	0	0.0691098289321033	9.37571018700288e-05	0	0.0188458780964447	0.0761228987472553	0	0.053095273354701	0	0.0733864679085156	0.044928951361288	0.396028089683247	0.0818362637613404	0	0.123928600615867	0	0	0	0.08	0.186676037865281	1.01224384585089
TCGA.PJ.A5Z8.01A.11R.A28H.07	0.0218690493846212	0.00929626190196983	0	0.0938560665321824	0	0.155039786884154	0	0.0439663890146559	0.0168016428166192	0	0.0152540339312659	0.0516447634579449	0	0.0551951952452917	0.0479875712895603	0.357817051614119	0.00639950472501794	0	0.0388941956699323	0	0	0.0859784875326646	0	0.400087308476747	0.916174780950093
TCGA.UZ.A9PU.01A.11R.A42S.07	0	0.0217666288429911	0	0.0176084509807565	0	0.197624910572917	0	0	0	0	0	0.0424937204297714	0.00466217694890641	0.164114776751461	0	0.403473731099758	0	0.0336982772774074	0.0927207164939942	0	0	0.0218366106020372	0.2	0.0980905740339615	1.0572449223074
TCGA.DZ.6135.01A.11R.1965.07	0	0.0590737019887403	0.13498040676452	0.0767098893358563	0	0.18812775944223	0	0	0.0395430099585862	0	0	0.0691121976762741	0.013712700746758	0.0044678008925457	0.030913884329597	0.165734014556904	0.140523631734613	0	0.0771010025733755	0	0	0	0.02	0.304373418567955	0.957284165603245
TCGA.SX.A7SS.01A.11R.A36F.07	0	0.0225250714098723	0.0122173016607334	0.122819196978823	0	0.165122036360976	0	0	0.0115075583226136	0	0	0.0572866635271115	0.0200461492180198	0	0.0013012696488166	0.436469323848973	0	0.00389776787961987	0.144546882910072	0	0	0.00226077823436939	0.04	0.222419045871269	0.996054421668039
TCGA.B1.5398.01A.02R.1592.07	0.0189174992874666	0	0	0.278376139145343	0	0.0418247936960346	0	0.00384021681532042	0.0404491584622855	0	0.00415673211383615	0	0.0235332240480375	0.127564367786307	0.019753732846972	0.438162449388169	0	0	0	0	0	0.00342168641022859	0	0.387004096168981	0.926295318379824
TCGA.2Z.A9J1.01A.11R.A38C.07	0.0042420540180081	0.0247255219372484	0.022642615430218	0.0880515780245253	0	0.180786577197147	0	0	0.0439750156135592	0.0116553275687183	0	0.0485138358805511	0.00519771742048992	0.170854940183841	0.00689453494719895	0.230326655996277	0	0.0014817728608138	0.154979884426797	0	0	0.0056719684946067	0.02	0.236309534780389	0.988020024253217
TCGA.WN.AB4C.01A.11R.A42S.07	0.00196555883999406	0.0079750322954056	0	0.114963079897183	0	0.047064017657786	0	0.00462413944871891	0.0108593481037598	0	0	0.0596650218506171	0.102393670605107	0.0974514153649686	0	0.42173473968032	0	0.00662215057358735	0	0.0681632006620081	0.0565186250205437	0	0.0600000000000001	0.207683799749879	1.01121511654508
TCGA.A4.8630.01A.11R.2404.07	0	0.0161175755968971	0.012343884729364	0.0876458956690493	0	0.176696931965217	0	0.0032086417211528	0.00258977110139648	0	0	0.0336726454966454	0.0169245766275251	0.192480009026781	0.0224343503827673	0.292536982624304	0	0	0.13787895509844	0	0	0.00546977996045937	0.28	0.0648556501508365	1.06295665343579
TCGA.Y8.A896.01A.11R.A36F.07	0.0146157959291257	0.00210270499026953	0	0.113040087575387	0	0.180229718568256	0	0.0100861539782364	0.0610308070469765	0	0	0.0567873305317427	0.110358354703424	0	0.0299882743299489	0.226950395917617	0.0356822862132263	0	0.144031973553789	0	0	0.0150961166620016	0.02	0.268778324017919	0.971666137069782
TCGA.BQ.7045.01A.31R.1965.07	0.0285317851658784	0	0.0283755074309432	0.149611583945189	0	0.129162272028892	0.057223119785866	0	0.0325199761447238	0	0	0	0.00360301413743349	0.166807855354071	0.0311715229724205	0.273549498610732	0	0.0266288505687435	0.0598193595917103	0	0	0.0129956542633967	0.14	0.142455213220621	1.02627094439513
TCGA.AT.A5NU.01A.11R.A28H.07	0.0673617679904055	0	0.0591755275408845	0.0827194871063805	0	0.277992769736077	0	0.019777606231477	0.0183182753468663	0	0	0.0308682056120271	0.00802884238647066	0.0548449931408964	0.0126170479207266	0.247670269899987	0	0	0.120625207087802	0	0	0	0.08	0.183845456824553	1.00821525783731
TCGA.2Z.A9JQ.01A.11R.A42S.07	0	0.0218897752221329	0.00210047579369338	0.036536902054367	0	0.35280686236634	0	0	0.0376055945177916	0	0	0.0723841017941223	0.0356933899723714	0	0	0.25188330297424	0.00696099980846649	0.00976274957097188	0.146398641206756	0	0	0.0259772047187475	0.0600000000000001	0.19453831560003	1.00772232701294
TCGA.MH.A560.01A.11R.A26U.07	0	0.0113316763364826	0.00246308608498768	0.0998405392509448	0	0.152837628436456	0	0	0.0361452889946205	0	0	0.0759015211100986	0.140426777534709	0.161898269238608	0.0177716056436263	0.214307895945293	0.00414728145473646	0.0181962286225869	0.0631394041455556	0	0.0015927972012946	0	0.14	0.136924192200889	1.03032615334854
TCGA.G7.A8LD.01A.11R.A36F.07	0	0.0169074331659253	0.00238799645782904	0.117285891744741	0	0.228441429507897	0	0.03381298372135	0.00417920425286016	0	0	0.0930589421167071	0.0102772971986817	0.138620681356118	0.0670857972572401	0.16428877722839	0.0338939355993352	0	0.0897596303929254	0	0	0	0.26	0.0705925911979978	1.06139630213522
TCGA.B9.A8YH.01A.11R.A37K.07	0.00329277739830806	0	0	0.0459576698158773	0	0.17919749704435	0	0	0.000959948744256714	0	0.0154484428636996	0	0	0.0617510877334473	0.00988511917064538	0.520034768975047	0.000699242897578257	0	0.16277344535679	0	0	0	0	0.330068562084495	0.95372210752309
TCGA.UZ.A9PM.01A.21R.A38C.07	0.0270621451276006	0	0.00312364432062731	0.0859782390559267	0	0.0793245053155623	0.0116892964522772	0.00934720721216693	0.00446040405989171	0.0271679079956608	0	0.020814744429838	0	0.25494078275562	0.0203970932150224	0.392524881075545	0.0149551567613145	0	0.0482139922229465	0	0	0	0	0.406573545046313	0.917446366924442
TCGA.UN.AAZ9.01A.11R.A38C.07	0.10282354757389	0	0.0230584821279012	0.0828902580653931	0	0.317982576686414	0	0	0.0207953163391513	0	0.00986367519323112	0.0527809498389842	0.0673396099478176	0	0.0324708503755937	0.040967276736263	0.0127785728632504	0.0414482398633507	0.193908237451174	0	0	0.000892406937585218	0.34	0.0520392760566225	1.0674998228539
TCGA.G7.6793.01A.11R.1965.07	0.0304468616758014	0	0	0.0361625611477586	0	0.228426876138364	0	0	0.0217099262371437	0	0	0.0439010222522355	0.0123662248198373	0	0.0329790393901032	0.39595337016733	0	0.0730416639241557	0.118696659663536	0	0	0.00631579458373448	0.18	0.122326086053763	1.0335047980079
TCGA.2Z.A9JJ.01A.11R.A42S.07	0.0780286006160679	0	0.030927489878314	0.012690307289686	0	0.154910212386185	0.00276041714374524	0.00732125056467196	0.027717086855175	0	0.000546726804412014	0.00675757708259241	0.256496295970307	0.163436777935105	0.005495916057031	0.133611598946916	0	0.0361409766696243	0.0805792792370321	0	0.00257948656313539	0	0.22	0.0887526541385173	1.04464995789761
TCGA.P4.A5ED.01A.11R.A28H.07	0.00297101990321552	0.0211827292452553	0.00321039735226873	0.0982967293241216	0	0.124984880089753	0	0	0.0329762835340231	0	0	0.0510047094703453	0.0952533361855618	0	0.00654678358247303	0.449324355810178	0	0	0.114248775502804	0	0	0	0.22	0.0833684079579222	1.0544835469821
TCGA.GL.A59R.01A.11R.A26U.07	0	0.00282827909681612	0.00212641388467168	0.0227133390967555	0	0.144738634197023	0	0	0.0124371731515211	0	0	0.045360805408488	0.0564734267843289	0.000865683389809114	0	0.23702090075344	0	0.000581333137732515	0.473946643429588	0	0	0.000907367669825682	0	0.369402118955001	0.940910543631331
TCGA.GL.7773.01A.11R.A32Z.07	0.0688530351651662	0	0.0709683034357454	0.078095822311877	0	0.194157835890284	0	0	0.0192433426976865	0	0	0.0610523700407227	0.0127460193743326	0.0573465428673071	0	0.270576684143305	0.00926254397121383	0.0147210872243985	0.0676463223744181	0	0	0.0753300905035432	0.04	0.230254217804752	0.987732228918718
TCGA.DW.7836.01A.11R.2139.07	0.0396664366895371	0	0.0116501575792562	0.0151260919936895	0	0.421504723204499	0	0.00967834000350183	0	0	0	0.0143363905514988	0.0908631315107128	0.0529874172712487	0.0592619050451792	0.18814421463893	0	0	0.0908119703525125	0	0.00596922115943443	0	0.28	0.0618927013121221	1.05880552353674
TCGA.BQ.7050.01A.11R.1965.07	0.0224252571393699	0.020075090717937	0	0.0762795514534916	0	0.2025942742192	0	0.00610844260531535	0.0594482581701468	0	0	0.0355523597330476	0.0029006093728784	0.128042018001798	0.0513276550223759	0.350870119813946	0.00628408221139754	0	0.0380922815390965	0	0	0	0.1	0.172530928076196	1.02027258146132
TCGA.B9.4115.01A.01R.1193.07	0	0.013841320047202	0.000164659191773631	0.0332341209157196	0	0.195163145250205	0	0	0.00334208185074174	0	0.0180552564913432	0	0.00570940330919709	0.0937377772285245	0.000797960829420963	0.505668502848717	0.00119789720575072	0	0.0967218653571431	0	0.0195391745398195	0.0128268349344415	0.02	0.302909082572183	0.967101083959476
TCGA.2Z.A9J5.01A.21R.A38C.07	0	0.00445504017351479	0.00137465864600512	0.173841943811219	0	0.101996194029627	0	0	0.0274974499992563	0	0	0.0192932193713791	0.00755802549662401	0.113748188476705	0.00701360741398583	0.496459890330379	0.00567150807118878	0	0.0410902741801162	0	0	0	0	0.387780431870917	0.926147573578563
TCGA.BQ.7044.01A.11R.1965.07	0.0457309755545322	0	0.00903158248431957	0.161583677231034	0	0.309516039818891	0	0.0642550269184352	0.0335676135083561	0	0	0.0182648356361317	0.0295495357696453	0.0751539930159305	0.075921904493137	0.151028628368472	0	0.00407992559925854	0.0223162616018569	0	0	0	0.2	0.0972684524971554	1.06344344880773
TCGA.B9.A8YI.01A.21R.A37K.07	0.0100440754000123	0	0	0.055241125348296	0	0.286655276751967	0.0106470336749506	0	0.0129019037969521	0	0	0.00499695437433981	0.0481136344423313	0.068588162725982	0.031943594062325	0.433741063838827	0.00165094264698528	0	0.0354762329370313	0	0	0	0.18	0.122303623871292	1.04538302317249
TCGA.5P.A9KC.01A.11R.A42S.07	0.00270227856409212	0.00563062394446958	0	0.0269252553232355	0	0.218580153237067	0	0	0.0264413872964455	0	0	0.11910410952028	0.0220247545389474	0.0329428368454002	0.0108041560763785	0.406191020347116	0	0	0.127183666563346	0	0	0.00146975774322259	0.38	0.0426196265240033	1.07534383745656
TCGA.P4.A5EB.01A.11R.A28H.07	0.0223347634019462	0.0162101604042484	0	0.0646166391655925	0	0.176186116302476	0	0.000172184154323947	0.0413346160729242	0	0	0.0570508106441117	0.00533977876618894	0.053166417084569	0.0220625602171543	0.502549568788129	0	0	0.0389763849983362	0	0	0	0.26	0.0709591351190986	1.07039839626328
TCGA.SX.A7SL.01A.11R.A355.07	0	0.0124493170140547	0	0.0431278599318859	0	0.244211993231705	0	0	0.064747368456272	0	0	0.10163335593274	0.0304447810053124	0	0.00116162682863316	0.110030473847231	0	0.0400392651553284	0.352019117529105	0	0	0.000134841067731758	0.4	0.0386133505632763	1.08945624740184
TCGA.EV.5901.01A.11R.1592.07	0.0976499183975551	0	0.19305181325071	0.0548920798528385	0	0.239983450728619	0.0125060937395714	0	0.018720190417398	0	0	0.0228287016626104	0.026586374116676	0.0276673304140202	0.00232164317841963	0.151146659844388	0.0768694350961683	0.00838200442801677	0.063727232491169	0	0	0.00366707238184012	0	0.463472958867296	0.885561071320723
TCGA.IA.A40Y.01A.11R.A24Z.07	0	0.00114689757984793	8.51808529904044e-06	0.0471776691558267	0	0.246873026929539	0	0.034053881498159	0.0255251975708193	0	0	0.119347844206606	0.00665289742596239	0.203285361610711	0.0512638737965714	0.169229757545362	0	0	0.0688893750322443	0	0	0.0265456995630523	0.24	0.079410752889559	1.06470391746505
TCGA.SX.A7SP.01A.11R.A355.07	0	0.0193888502148673	4.6488810936501e-05	0.0767754976244008	0	0.0636237112590986	0	0	0.0158109804126326	0	0	0.00636121949621689	0	0.0813844523939301	0.0263793757676469	0.611612020030798	0.00205202666284718	0	0.0910096186762522	0	0	0.00555575865037248	0	0.367991662687819	0.940359752747608
TCGA.UZ.A9PZ.01A.11R.A42S.07	0.0197291403153447	0.0138735725935129	0	0.0235726964931491	0	0.248083078473217	0	0	0.0154692616088972	0	0	0.0564446059056811	0.00540002154960734	0.0518204015400844	0.00302095533983017	0.242068315712311	0	0	0.273479678117252	0	0	0.0470382723511134	0.0600000000000001	0.206329476639381	1.00177230664101
TCGA.B9.4617.01A.01R.1193.07	0	0	0.00658454215339156	0.131659210080723	0	0.273133437311049	0	0	0	0	0	0.0334981335292439	0.0455862311313094	0	0.0178248299446763	0.157144176796877	0.0085188591022974	0.00584023728994013	0.320210342660491	0	0	0	0.02	0.297434036565182	0.967201365560463
TCGA.HE.A5NJ.01A.11R.A26U.07	0	0.022247751459693	0.0070114262954283	0.0677190644349582	0	0.184908098788427	0	0	0.020833989866263	0	0	0.0448707201141459	0.0386506201603306	0.0256215543684476	0.00541048852458718	0.185979707841831	0	0.0448739494848404	0.304147425462497	0	0	0.0477252031985509	0.66	0.00331304677646839	1.08220365453525
TCGA.B9.A69E.01A.11R.A31O.07	0.0441278666225983	0	0.00474594037653646	0.18137491707671	0	0.21804931373596	0.000956492330994262	0.0124865768382177	0.0166742588874137	0	0	0.0171224716864313	0.108125608806677	0.0580891504162538	0.0615084084499956	0.235933597561392	0	0	0.0408053972108204	0	0	0	0.02	0.281977902744457	0.969256345744416
TCGA.A4.A5DU.01A.11R.A28H.07	0.0238774312393802	0	0.0361568577954956	0.107304088534778	0	0.274056005581929	0	0	0.0145898128721431	0	0	0.0356386629040877	0.00910565483925477	0.01560840721648	0.0145535848170544	0.426931642533523	0	0	0.0403158662476313	0	0	0.00186198541824327	0.2	0.0976017310301781	1.05261939135091
TCGA.A4.A6HP.01A.11R.A31O.07	0.00483805363280182	0.011508046705168	0.0130421339650449	0.12521510751357	0	0.187411294628358	0	0	0.0388870779845477	0.00499238495220716	0	0.0232485648696998	0.0863495955380291	0	0.00717951955185821	0.272940322970321	0.00222931593983327	0.000607954568565301	0.22086288840059	0	0	0.000687738779406155	0	0.332574560662696	0.9459161593761
TCGA.B9.A44B.01A.11R.A24Z.07	0.0323933527803165	0.00748960430529994	0.0681636134938808	0.110527064693815	0	0.142706495626103	0	0.0237000679633138	0	0	0.0467994680490202	0.0489623675362618	0.067009208108647	0.0574496425349545	0.126687095340936	0.167441091810156	0	0	0.0742459416519547	0	0	0.0264249861053407	0.4	0.0376503624596547	1.0676946454359
TCGA.BQ.7058.01A.11R.1965.07	0.0651810865411883	0.00838946718949067	0	0.146413002257006	0	0.0810543566623371	0	0.0498661116025321	0.0733871245433476	0	0	0.065480771714341	0.0176797438041754	0.0282472619169019	0.134147971614028	0.255127557328191	0.000865655674341056	0	0.0741598891521196	0	0	0	0.22	0.085517316580745	1.05634274395551
TCGA.2Z.A9JT.01A.11R.A42S.07	0.0192936379576008	0	0.014317902064826	0.205483862939209	0	0.213005152639396	0	0	0.0199333561659585	0	0	0.0208695398658474	0.0264272264567455	0.0667475407167622	0	0.376320544385415	0	0	0.0372812075742301	0	0	0.000320029234009199	0	0.410259868465718	0.912515888315283
TCGA.BQ.5881.01A.11R.1592.07	0.0739209718244118	0	0.0228868427285466	0.106163241392062	0	0.087098890483073	0	0.00419033961834848	0.0370179995434476	0	0	0.0280726872978684	7.42259367708565e-05	0.205424096760257	0.0121519671042779	0.419861564698479	0	0	0.00313717261245764	0	0	0	0	0.447464685448849	0.894513245081092
TCGA.GL.7966.01A.11R.2204.07	0.0354907069462668	0	0.00755928382924499	0.127953525776975	0	0.19579517224779	0	0.0108708615341432	0.0577655400721649	0	0	0.0331897464245585	0.00689108958706473	0.0445822980611925	0.0271173493828021	0.112984910927883	0	0.0236038916634489	0.316195623546465	0	0	0	0.02	0.29123589876862	0.968495525019553
TCGA.Y8.A8RY.01A.11R.A37K.07	0.00440047468710267	0	0	0.0980865937642525	0	0.152496016521363	0	0	0.0125708580004475	0	0	0.0605024595786581	0.0165990868777933	0.00202879146657764	0.0129010744493731	0.440323331819645	0	0	0.186840549201088	0	0	0.0132507636336995	0.02	0.315667960265891	0.955889298904657
TCGA.MH.A55W.01A.11R.A26U.07	0.00840336843348257	0	0.00801511023614243	0.159917154352553	0	0.418911577424162	0	0	0.00522674325162183	0	0	0.0107323103165338	0.00981855905512242	0.0373955662418907	0.00785165090326369	0.160537896892941	0.0482623697881212	0	0.120923349751838	0	0	0.00400434335232701	0.08	0.188806173663915	1.02111978753109
TCGA.BQ.5877.01A.11R.1592.07	0.0612685655443557	0	0	0.115149400984105	0	0.175859656615497	0.00057184962708501	0.0253510775180012	0.00858137116739506	0	0	0.0433669341111061	0.155594085436558	0	0.0675506471991397	0.262744787691746	0.00902890600657038	0	0.0516609530700931	0	0	0.0232717650283478	0.04	0.230163760801718	0.988458417016831
TCGA.SX.A71V.01A.11R.A33Z.07	0.00235799457110576	0.00231196641091666	0.000106696673960432	0.050332156123627	0	0.167979698580587	0	0	0.0130796449058783	0	0	0.0384985356661051	0.00260731437494508	0.0569104947884094	0.0032573645168946	0.559409207939182	0	0	0.103148925448389	0	0	0	0	0.323667358454202	0.958608107852754
TCGA.BQ.7051.01A.12R.1965.07	0.0209664596963549	0.0157322484263443	0	0.0462111505582339	0	0.209089161927907	0	0	0.0250717687157771	0	0	0.0580763285903977	0.0471373665281086	0	0.0108342235391654	0.43861269223964	0	0.0371761966579058	0.0910924031201648	0	0	0	0.64	0.0127067819028729	1.08027268247373
TCGA.BQ.5891.01A.11R.1592.07	0.0461322521163478	0	0.00392374528781013	0.0982496569290152	0	0.236244627799956	0	0.0166730069146162	0.00725105702615779	0	0	0.0277130848873444	0.114232351433781	0	0.0278751953905351	0.330332274331959	0	0.0709131833236468	0.0177857221684612	0	0	0.00267384239036854	0.34	0.0481288269301301	1.06441878630844
TCGA.IA.A83T.01A.11R.A355.07	0.033373086175601	0	0.00783944667755241	0.13835134736517	0	0.0993394451703523	0	0	0.00237211934146798	0	0	0.0255395833908853	0.0336088828750606	0.0039764673507818	0.00314141439410395	0.615228216362577	0	0	0.0334952020139519	0	0	0.00373478888249527	0	0.453787932975423	0.891419439774555
TCGA.B9.A5W8.01A.11R.A28H.07	0.0249795485621139	0	0.00129381808212858	0.0914403109077963	0	0.169418889680543	0	0.0137653321760183	0.0347442898200086	0	0	0.028350247181136	0	0.139532814608832	0.0289534295836953	0.395348988829446	0	0	0.0403272033681101	0	0	0.0318451272001729	0.08	0.187614259944928	1.01678453027779
TCGA.5P.A9K9.01A.11R.A42S.07	0.190621119577016	0	0.0248585686149594	0.0578988551964684	0	0.127298015103295	0	0	0.0402613265265722	0	0	0.0437761641805942	0.0271259875230277	0.0541872106082167	0.0218811529021143	0.287971274540141	0.0272777643412659	0	0.0896169451671707	0	0.00522865155966133	0.00199696415949618	0.16	0.129085640035038	1.02900831640846
TCGA.4A.A93X.01A.11R.A37K.07	0	0.115878579897287	0.00297341883839144	0.0341036874518998	0	0.102925685118901	0	0.0275956439908744	0.00686481319852039	0	0	0.046456795267304	0.102976964157113	0.0967857087299199	0.0156467633800212	0.347083725716251	0	0.0694931168240723	0.0272327512551367	0	0	0.00398234617430859	0.4	0.0371545174263434	1.06883523090298
TCGA.B1.A657.01A.11R.A31O.07	0.0138644992942125	0.00646907255104402	0.00271989556848333	0.0834061287033977	0	0.304875650141804	0	0.000683615270237437	0.0375789305584475	0	0	0.0333993611437661	0.00373563582693621	0.0976778284978173	0.0016859398308711	0.326421086300501	0.0193575992508611	0	0.0387256435250671	0	0	0.0293991135365533	0.02	0.276245232205036	0.975747961925161
TCGA.2Z.A9J3.01A.12R.A38C.07	0	0.075594810067925	0	0.0683021082713566	0	0.209901953525592	0	0	0.0167455478739164	0	0	0.0864194484782209	0.0106357089519636	0.211773701274965	0	0.109754821119634	0	0.0214760447724486	0.181399992757362	0	0	0.00799586290661657	0.66	0.00280942949648828	1.08421784540275
TCGA.UZ.A9PX.01A.11R.A42S.07	0.00142604653357552	0	0.000526209722932791	0.05115351903016	0	0.172404342282517	0	0	0.0368339646365783	0	0	0.0705352158495697	0.0284275253920581	0.0681685631418885	0.00787056665695611	0.279745209048129	0	0	0.282908837705635	0	0	0	0.04	0.217938760773128	0.9994428431998
TCGA.2Z.A9J6.01A.11R.A38C.07	0	0.0567970762344278	0.0134183343233851	0.0666787147731763	0	0.175354504864237	0	0.000908405754932508	0.0265604058907969	0	0	0.0230654009332712	0	0.241701575566497	0.0375209543033357	0.29664507090878	0.00607378609962747	0	0.0552757703475335	0	0	0	0.02	0.284575882016565	0.97284059124139
TCGA.DW.7834.01A.11R.2139.07	0.0358133531005264	0	0.000573228681611417	0.140669936672039	0	0.141457875711233	0.00213603767402741	0	0.0617378392528415	0	0	0.00530762510888881	0.00335866018967625	0.189681400306382	0.00803954348612166	0.356089202621833	0	0.00444862239437595	0.0441789841085121	0	0	0.00650769069193158	0.02	0.31020263144865	0.962010200729135
TCGA.A4.8518.01A.11R.2404.07	0.0857040726956493	0	0.0341702082468354	0.0452036380965507	0	0.235294934795265	0.000141449818027671	0	0.0165729727104911	0	0	0.0106873254555995	0.00355167342118554	0.175634271231599	0.0536579868950245	0.253411674583815	0	0	0.0509695419654077	0	0	0.0350002500845502	0.1	0.182947755533478	1.01101332232982
TCGA.BQ.5879.01A.11R.1592.07	0.250296070221052	0	0.0486784740883543	0.0287015577732533	0	0.141493630143427	0.0347905884573503	0	0.0151581642529616	0	0	0	0	0.0269579804477745	0.0193242349997417	0.171416695727738	0	0.00440045044473018	0.184777158735308	0	0.030374424695958	0.0436305700123503	0	0.405128846354634	0.91377971763584
TCGA.F9.A7Q0.01A.11R.A36F.07	0.0808462347849798	0	0.0633769349719873	0.123663740008377	0	0.309511359874737	0	0	0.0271923959585731	0	0	0.0731088202506268	0.028054632155428	0	0.00910474234908629	0.060004970037326	0.000122636135912531	0	0.225013533472967	0	0	0	0.02	0.285348949110306	0.974723621797131
TCGA.B9.A5W9.01A.11R.A28H.07	0.0560845439534095	0	0.0175873398269101	0.133785225218351	0	0.39723347565235	0	0.0405696469966577	0.0037161354277016	0	0	0.012981015177708	0.0268013052302122	0.0113808019234587	0.0629323156292463	0.191969335645758	0	0.00214101321828175	0.0425105999562152	0	0	0.00030724614373924	0.3	0.060198372716235	1.0789171372547
TCGA.Y8.A8RZ.01A.11R.A37K.07	0	0.0246761591407783	0	0.0404117728793445	0	0.107594902602171	0	0	0.0358755014135871	0	0	0.0672677100375581	0.167576726593062	0.0269279274124753	0.0153178722473375	0.420197461525171	0.0044930724724266	0.00644908925179364	0.0832118044242956	0	0	0	0.12	0.153116861766052	1.02741626580262
TCGA.EV.5903.01A.11R.1592.07	0.0628559134019107	0	0.0142155794588569	0.0746004875315735	0	0.31656764019639	0.000160526429827051	0	0.0332200846497164	0	0	0.0508385701477349	0.0269166744087043	0.00500565898131094	0.00148285991440705	0.236477436333752	0	0.00965309985251287	0.148554162811485	0	0	0.0194513058818182	0.18	0.117020144048335	1.03721067713117
TCGA.A4.7287.01A.11R.2139.07	0.138712076540791	0.0821215342954676	0.0647299233903481	0.149462400048534	0	0.214592898284326	0.0165181430244031	0.000963424309615001	0.0292533594858438	0	0	0.063820296153474	0.00789913244228584	0.0273474794575437	0.0140872863295252	0.0775456584526137	0.0276815702335913	0.0402863736855987	0.0374222544425649	0	0	0.00755618942347399	0	0.381178091839841	0.927696345596643
TCGA.2Z.A9JK.01A.11R.A42S.07	0	0.0143622517477866	0.00111504851068578	0.0687138006887083	0	0.189855889375187	0	0.00557196181426071	0.0205625740692269	0	0	0.0463460654701501	0.050275132268032	0	0.0991123333667111	0.22650119542107	0.185804710579347	0	0.0887209104573529	0	0	0.00305812623148165	0.1	0.174499576226352	1.00962249688621
TCGA.BQ.5878.01A.11R.1592.07	0	1.03528396790504e-05	0.00897831036065003	0.144431114465979	0	0.169601752561959	0	0	0.068540549457766	0	0	0.0323814659500763	0.0857823353445554	0.0180180441038542	0.034372763466058	0.367372923512395	0.0122099079300478	0	0.0583004800069814	0	0	0	0.32	0.054156470414012	1.06555496916138
TCGA.A4.8098.01A.11R.2404.07	0.0473348120636037	0	0	0.124796448439949	0	0.202118671422787	0.000223748139250802	0.0227193103083391	0.0300332356223781	0	0	0.036811128915283	0.0201700371640875	0.0451224592172895	0.198613196514701	0.139876602425367	0.0183355129664639	0	0.110441269193992	0	0.00340356760650884	0	0.12	0.150243215281491	1.03845582827204
TCGA.BQ.5884.01A.11R.1592.07	0.0366183545932996	0	0	0.0832713861079261	0	0.227650177373062	0.00448901197989147	0	0.00597635525070429	0.00779950517233688	0	0.0213430366710472	0.0654702829029807	0.0727105686807755	0.0245235139765161	0.402289019761026	0.0397805154993601	0	0.00656138304296014	0	0	0.00151688898811393	0.0600000000000001	0.210612454349042	1.00445347699157
TCGA.MH.A857.01A.11R.A355.07	0.0851818940421335	0	0.00128638763096049	0.0704574439241345	0	0.217034316265577	0	0	0.0412119381229353	0	0.00311982724984021	0.00437510474689235	0.160776252377431	0	0.016059293580695	0.18768315671569	0.0274759831010525	0.0171763098605843	0.166382762294435	0	0	0.00177933008763847	0.22	0.082530250515348	1.0410804445514
TCGA.G7.A8LE.01A.11R.A36F.07	0.0506743649305789	0	0.0134230830601076	0.115331223556251	0	0.334789574167293	0	0	0.0309802634602318	0	0	0.0440137329745508	0.0923398160118299	0	0.0151448294675161	0.120115949280518	0.0235920792837683	0.00248211826618109	0	0.114757600619	0.0423553649221739	0	0.32	0.0528218308818336	1.07209748086285
TCGA.DZ.6133.01A.11R.1965.07	0	0.0199580963672575	0.0431006083305499	0.0992387614210387	0	0.230362048059582	0	0	0.0469918245748637	0	0	0.0544031363269097	0.0899161212464935	0.00798745948141542	0.00311124509797695	0.344695962289477	0	0.00109077611996713	0.0533510681479248	0.00579289253654357	0	0	0.68	0.00236918459091465	1.08329846659644
TCGA.MH.A855.01A.11R.A355.07	0.0951784047053142	0	0.0190203833281297	0.192498861849164	0	0.164304492167849	0.00559720191935444	0.00318942637950729	0.0292802664569774	0	0	0.0223263336197008	0	0.128284168828875	0.0242731828924432	0.249803947700855	0.025983747221153	0	0.031160887855883	0	0	0.00909869507479332	0.02	0.309172421292787	0.95782835044837
TCGA.BQ.5888.01A.11R.1592.07	0.149948549651665	0	0.0262161124848647	0.213717589748034	0	0.0825336342283764	0.0107773173367428	0.0405996403513326	0.0978895844815584	0	0	0.0453987993982668	0.0065437428987468	0.0500038131073805	0.0296375212908113	0.168174957866959	0	0	0.0428310393397311	0	0	0.0357276978155312	0.02	0.285918842827148	0.970197000122621
TCGA.HE.A5NH.01A.11R.A26U.07	0.00464426720614468	0.0209602441035104	0	0.0309041958292681	0	0.186751144699103	0	0	0.00906619547071622	0	0.0103061969260375	0.0136101104115217	0.136044793032016	0.16578736560339	0.0264303829262707	0.18704139567692	0.0427195303822363	0	0.153583199229178	0	0	0.0121509785036872	0.22	0.0892511576475523	1.04420981716237
TCGA.BQ.7053.01A.11R.1965.07	0.133051398446652	0	0.13646975636697	0.110660805328084	0	0.150669552022965	0	0.0361235774641734	0.040138021078637	0	0	0.0346851205550961	0.0443554134935459	0.0862327541439064	0.0640439625148327	0.105958873223405	0.0332275057521679	0	0.0243832596095654	0	0	0	0	0.412899591749348	0.910518206581413
TCGA.BQ.7056.01A.11R.1965.07	0	0	0.000475880019199897	0.00752832260726906	0	0.230653687882028	0.00822701831314172	0	0	0.0363655102107204	0.00873687334663913	0	0.122673956774506	0	0.0353857324144167	0.289687296055801	0.00858339988858309	0	0.20909389674681	0	0.0425884257408855	0	0.66	0.00731576636275902	1.07460215671418
TCGA.SX.A71R.01A.12R.A33Z.07	0.00129774649225234	0.0138881817642723	0.0489903841703665	0.0374713269209165	0	0.192095451925299	0	0	0.0142971527161148	0	0	0.0768195230132349	0.000837913825693441	0.13987772230759	0	0.184124143918502	0	0.0478209393224409	0.242479513623317	0	0	0	0.2	0.0954789990693369	1.04382350555225
TCGA.DW.7963.01B.11R.A28H.07	0.0550576018241824	0	0.0676172641396984	0.114628973580474	0	0.188032608853149	0	0	0.0340446462865738	0	0.00722907521070757	0.00987676041204158	0	0.193577537515182	0.0165433197155374	0.250493885851763	0	0	0.0406571680797171	0	0	0.022241158530974	0.02	0.279117759866213	0.971789765243979
TCGA.P4.AAVO.01A.11R.A42S.07	0.013990149384536	0.0144945615717983	0	0.0153875462776253	0	0.21166467258642	0	0	0.0453405464404766	0	0.015011079862701	0	0.11349421025134	0	0.110710096550287	0.388365829528603	0	0.000491158167751395	0.0710501493784615	0	0	0	0.26	0.0718800761567194	1.0591218259195
TCGA.SX.A7SU.01A.11R.A36F.07	0	0.0265049372444589	0.00645819970985692	0.145960099233726	0	0.230538964061694	0	0	0.018192981111597	0	0	0.0129171328843595	0.00174159049953835	0.100277083281281	0.000557341378087949	0.373294355174255	0	0.0107347017813896	0.0659065421256952	0	0.00691607151406102	0	0.16	0.130558631334007	1.03941601420718
TCGA.B3.3925.01A.02R.1351.07	0.0319608172812806	0	0.0242064794289341	0.0830954407849061	0	0.214383143555766	0.00575852358258595	0	0.00598410198954256	0	0	0.0221878041755308	0.0179825088269647	0	0.00541521117133235	0.399568333785798	0	0.00646723405932646	0.156379607792952	0	0.0115722983151606	0.0150384952499203	0.12	0.164822179592755	1.01583058652556
TCGA.DW.5560.01A.01R.1592.07	0	0	0.00661081846010219	0.155244706988114	0	0.243322726201068	0	0.00570453040690531	0.0518503078027647	0	0	0.0632360558608454	0.0112008122335576	0	0.00393072863764103	0.342422166350205	0.0022542763200432	0	0.110357451925708	0	0	0.00386541881304595	0.22	0.0849053009725781	1.06032554824901
TCGA.MH.A854.01A.11R.A355.07	0.0267476602646684	0	0.0162746259705101	0.136704621607649	0	0.262712631959825	0.000311364335275358	0.00629328912687353	0.0558550679195669	0	0	0.0512470443594917	0.0239465313521472	0.19467459121344	0.0060258170783945	0.147057722312317	0.000482689859340352	0.00904231168944246	0.060409995384526	0	0	0.00221403556653362	0.08	0.193686201413431	1.01362583653462
TCGA.BQ.5893.01A.11R.1592.07	0.0570850626292422	0	0.01108421786831	0.0799458944421997	0	0.306904789919279	0	0.000434634343125682	0.0475811754807447	0.00157576599225014	0	0.0717870620677892	0.0324143487432643	0.00651609007004773	0.0778598502797399	0.147852011194131	0.00852371661880043	0.00142602585923299	0.149009354491843	0	0	0	0.12	0.151547307631636	1.02659725045635
TCGA.5P.A9JV.01A.12R.A42S.07	0	0.0126461877517162	0	0.107763084384318	0	0.0747894846759668	0	0.0192278642242051	0.0173532157993621	0	0.0247540497591437	0.0396172680444277	0.0320051692842822	0.07000076869631	0.0366889288271237	0.467772453058253	0.0366348270544985	0	0.0607466984403925	0	0	0	0.14	0.139137218740648	1.03796438085255
TCGA.J7.A8I2.01A.12R.A36F.07	0	0.00575832460185907	0.00682510068357461	0.195849844135699	0.0649776885233111	0	0.064532110928704	0	0.0697303261783323	0	0	0.12496208459217	0.026357932941499	0.0957745322931247	0.00466818105716298	0.0821419137504033	0.0353573129758984	0.133565347429919	0.0855007239571951	0	0	0.00399857595114675	0.7	-0.00453232155414471	1.09492644986982
TCGA.IZ.A6M8.01A.11R.A31O.07	0.00270488211427167	0.0104428528976884	0.00178936383571908	0.0631645656183026	0	0.0514211301332571	0	0.00949084022109624	0.00909096939222811	0.00478816456577824	0	0.0434688885772571	0.00230487105737792	0.270377197834052	0.00500335782573971	0.502448065876682	0	0	0.0188465091348125	0	0	0.00465834091573739	0	0.501721858622904	0.866648363374967
TCGA.BQ.5890.01A.11R.1592.07	0.00126560546243982	0	0.000458571357526959	0.0361771459975836	0	0.214228532454025	0	0	0.0313597284292517	0.0149292206805156	0	0.0628175914402332	0.052214899366356	0.314152676748414	0.0268505110833989	0.227034857651077	0	0	0.0185106593291786	0	0	0	0.02	0.302058236314518	0.970838815999301
TCGA.A4.7584.01A.11R.2139.07	0	0.0545017780091118	0.0059625567676133	0.0330820208465809	0	0.126604579548922	0	0.00138608367927784	0.00483036769711181	0	0	0.0448023438708009	0.084717393009889	0.0679944939906763	0.0239797626950077	0.272646305131381	0.0183976234673859	0	0.24288413573554	0	0	0.0182105555507017	0.62	0.0146416191693928	1.07296886411097
TCGA.SX.A7SQ.01A.12R.A36F.07	0.028594351640181	0	0.0194546646685032	0.0329864663879613	0	0.26603055325875	0	0	0.0294662539425679	0	0	0.0286746572275116	0.0792710459097557	0.0747326735355827	0.00946285669231552	0.220845381933046	0	0.0291166745023624	0.178923825585232	0	0	0.00244059471622974	0.34	0.0515557375734835	1.05459687759393
TCGA.A4.7286.01A.11R.A32Z.07	0.0602596399580704	0	0.00554834475173794	0.133101945280493	0	0.118446153499038	0.00129323515386605	0	0.0300193790457614	0	0.00939302201560619	0	0.013505519209681	0.119200904731889	0.020154147978836	0.454706078834176	0	0	0.0343716295408435	0	0	0	0.02	0.318488846687632	0.957719842101591
TCGA.A4.7732.01A.11R.2139.07	0	0	0	0.017988919026914	0	0.107068199924164	0	0	0.0149422331480987	0	0	0.0256396130900315	0.0249206937244919	0	0.00260163422251406	0.355553758760129	0	0.0186606857096514	0.432624262394005	0	0	0	0	0.346141867526562	0.951836040194693
TCGA.B9.7268.01A.11R.A32Z.07	0.00450326022279913	0.00405921675177718	0	0.0325739204882326	0	0.21683002216159	0	0.000672896114341592	0.0239731743496543	0	0	0.0626720037216765	0.0307432827268122	0	0.0147794775641121	0.486416786367442	0	0	0.111918957822553	0	0	0.0108570017090099	0.26	0.0690737265806087	1.06473966448232
TCGA.A4.7828.01A.11R.2139.07	0.0833382929520466	0	0	0.0484265217959241	0	0.301075189515405	0.0170475486235148	0.000659838409513151	0	0	0	0.0319268999017748	0.147323722143657	0	0.088080906706101	0.098668422523993	0.00725409283026175	0.00512449170949588	0.107371407006845	0	0.00879796393792208	0.0549047019435458	0.2	0.0992248817895604	1.04037945592517
TCGA.P4.A5EA.01A.11R.A28H.07	0.0234444122364948	0.130334740997912	0.0239592235302285	0.233939791356015	0	0.0412825241883024	0.0975350544369067	0.0307277839652593	0.112672056966304	0.0532396382570592	0	0	0	0.120037969060044	0.0383306509612148	0.0641251218100131	0	0	0.0303710322342449	0	0	0	0	0.328694178273665	0.951981638798306
TCGA.2Z.A9J7.01A.11R.A38C.07	0	0.0536222630469358	0.00723143128968364	0.0670292813881856	0	0.223354923859911	0	0.0116526069090161	0.0221511580214729	0	0	0.0865262187773458	0.0615097995666874	0.160551235301817	0	0.0950719041302962	0	0.0568880004969215	0.11660612902883	0.0378050481828972	0	0	0.56	0.0196570978205889	1.07421132964521
TCGA.F9.A7VF.01A.11R.A33Z.07	0.0108134550861979	0.00271037286270187	0.0241958639292865	0.197270840790055	0	0.234511869002917	0	0	0.0390482150079965	0	0	0.12482509780109	0.0276589395946311	0.116210659226529	0.00472101786860552	0.0735429745404532	0	0	0.144490694289537	0	0	0	0.1	0.182063975327032	1.02631646533368
TCGA.UZ.A9PS.01A.11R.A42S.07	0.00364076360566757	0.00418362269523533	0.00295743190640273	0.0735099158123407	0	0.230451503113012	0	0.00216445133492825	0	0	0	0.0810571893413808	0.00961124217143363	0.146326497657058	0.0263156803323973	0.285986290589315	0	0	0.119640483168828	0	0.000227995611104027	0.013926932660897	0.32	0.0529453124177817	1.06754503284577
TCGA.WN.A9G9.01A.12R.A37K.07	0.00977799181215947	0	0.00983127487269534	0.535486749003782	0	0	0.0587759032105387	0.054132410253808	0.0293414086226757	0.111401764285961	0	0.0590969099148204	0	0	0.0318608645502225	0.0776973492976643	0.0128460721030906	0	0.00634037065125307	0	0	0.00341093142132833	0	0.580566663502267	0.815319369715788
TCGA.AL.3472.01A.01R.1193.07	0.0818083672008033	0	0.0237927028887129	0.15473472495971	0	0.276944689661583	0	0.00510503457271278	0.0438411654890283	0	0	0.025680834723632	0.0108788283539564	0.0191325576103775	0.000406436166487399	0.279020189308816	0	0	0.0786544690641801	0	0	0	0.14	0.146927243986607	1.03115022356744
TCGA.A4.A5Y0.01A.11R.A31O.07	0.0321351801588211	0	0	0	0	0.241204290317792	0	0	0.0484398370534958	0	0	0.0896789415674087	0.051303201097164	0.0366299576242268	0.0332203407538194	0.218427895641483	0	0.0895750064136579	0.159385349372132	0	0	0	0.56	0.019848595426781	1.06857752434245
TCGA.AL.A5DJ.01A.11R.A26U.07	0	0	0.126307813090187	0.435068948409839	0	0	0.0198516090879296	0.0489246457073386	0.0959373224197781	0.0518709431624703	0	0.12194534911749	0	0.0459569219968885	0.0182762496646953	0.00504918105537474	0.00094878694982619	0	0.0150108375317868	0	0	0.0148513918063954	0.04	0.217712626821655	1.0506774604039
TCGA.G7.A4TM.01A.11R.A31O.07	0.0249180558512676	0	0.064814648354429	0.0925630994714807	0	0.192312999090273	0	0.00338350151603075	0.0367990173966256	0	0	0.0619794356770903	0.00750125553457324	0.012728724222268	0.0149433228409202	0.14727111672787	0.0795247261056286	0	0.259759431306936	0	0	0.00150066590460698	0.02	0.240300931477454	0.984525584734887
TCGA.4A.A93W.01A.11R.A37K.07	0.0463951492804516	0	0.0178274355071972	0.0901213128805743	0	0.34226519933356	0	0.00259658545594192	0.0274425027779616	0	0	0.0780504801910307	0.042466108379718	0.097702285669076	0.00302971221142342	0.164080127101237	0	0	0.0880231012118287	0	0	0	0.16	0.123534462764933	1.04150090105389
TCGA.5P.A9K2.01A.11R.A42S.07	0	0.0346134240825958	0.0526103107591764	0.0286547738654922	0	0.149504826631835	0	0.00329351354153166	0.00032192324927846	0	0	0.0452804378461625	0.00707613801616366	0.46453328979955	0.000375422390664743	0.148043469557501	0.0128218492270779	0	0.0528706210329702	0	0	0	0.04	0.21412236102158	1.0274027080748
TCGA.2K.A9WE.01A.11R.A38C.07	0.0117441840924946	0.0197449015229634	0.00643876697394425	0.0493670266373515	0	0.0417699516993489	0.00762968705963732	0.00235442973080711	0.0223649032578234	0.00804627143634993	0.00749520792993478	0	0	0.449490721805452	0.00524558258186386	0.340968223343872	0	0	0.0254643316831746	0	0.00187581024498149	0	0	0.37529826636291	0.952487949770194
TCGA.DW.5561.01A.01R.1592.07	0	0.0119354355118691	0.0151177032915013	0.143741920788171	0	0.293743222801067	0	0.00103459228548456	0.0479738529001913	0	0	0.0540081021428101	0.0457321412511818	0.0390730129701012	0.00657553960337488	0.170939164885944	0.00276598957654577	0.0132870184082812	0.154072303583478	0	0	0	0.16	0.123066461980251	1.0409316967765
TCGA.A4.7734.01A.11R.A32Z.07	0.07028858265465	0	0.00702880623737651	0.0783566499932372	0	0.271850360288133	0.00893300145701022	0	0	0	0	0.0139468358945077	0.092312718433708	0	0.0294967484997114	0.242979620538178	0.116259556643317	0.00860173878950347	0.0589383273001446	0	0.00100705327052302	0	0.2	0.097767628937854	1.03675552245026
TCGA.B1.A47M.01A.11R.A24Z.07	0.0156379989984791	0	0.00559754802909139	0.069065921071617	0	0.218575338505236	0	0.00317228801349515	0.0218061756683017	0	0	0.0386861101421386	0.00280613050777745	0.164184181815333	0.0467384791016648	0.120713729461777	0.0296848326525473	0	0.0316841639833634	0	0	0.231647102049177	0.0600000000000001	0.200910366491813	1.01761457712978
TCGA.SX.A7SR.01A.12R.A36F.07	0.00544986772260412	0.00299205741145938	0	0.045972577189927	0	0.130768839029954	0	0	0.000292444576906682	0	0	0.0150922190771023	0.00124394837462025	0.0681761086601189	0.0122695509973818	0.397023885736136	0	0	0.265854008450987	0	0	0.0548644927728025	0.02	0.319320793606399	0.956620053408013
TCGA.BQ.7046.01A.11R.1965.07	0.0162896668117841	0	0.00261409894373524	0.0457226336709068	0	0.0940326323417527	0	0.000759103218966253	0.0132299381883455	0	0	0.011384893175812	0	0.251784512086882	0.021717445300515	0.514743155296655	0	0	0.0277219209646459	0	0	0	0	0.390191135563573	0.934156047073056
TCGA.A4.8310.01A.11R.2404.07	0.0155773158121663	0	0.00172527509880631	0	0	0.207847919793816	0	0	0.00204099816993681	0.00420895420526617	0	0.0070667570011225	0.185779224115659	0.00619048580339055	0.0112775879667946	0.44947277984547	0	0.0198910758679333	0.0889216263196387	0	0	0	0.22	0.0903181318895254	1.05679081572066
TCGA.IA.A40U.01A.11R.A24Z.07	0.0940133225238941	0	0.0119483143702465	0.12445937993045	0	0.237361537424788	0	0	0.0383917796588212	0	0	0.0185465571502624	0.0362722757278667	0.0276298728938042	0.0161025092316418	0.296577804941188	0	0	0.0519926470047272	0	0	0.0467039991423092	0.04	0.219076375282559	0.995086265457185
TCGA.GL.8500.01A.11R.2404.07	0	0	0.0140560069601395	0.079572407341591	0	0.207635300769838	0.0223955123195857	0	0.00304859815593675	0.0596971940563306	0	0.036059089932815	0.0215174842681567	0.173790425550648	0.0140747163544855	0.167806971899372	0	0	0.190976063085121	0	0	0.00937022930598012	0.38	0.0424415576050686	1.0677687647519
TCGA.B9.A5W7.01A.11R.A31O.07	0.0132300607309657	0.0113562279027687	0.00514656737610535	0.0290378165844811	0	0.127453847155244	0	0.00155136412637801	0.00270806274187328	0.0150749378518399	0	0.0142454744985142	0	0.330426105019036	0.00489846735862917	0.210098041434524	0	0.00260302968595965	0.200139225244591	0	0	0.0320307722890902	0.02	0.312694804759227	0.964925355367585
TCGA.B9.4116.01A.02R.1351.07	0.0114588710584244	0.0354737781236901	0	0.063660332503177	0	0.118195661470389	0	0.0579543503822204	0.0276300396814661	0	0	0.0927806215894015	0	0	0.0216632864598673	0.222594864089686	0.10638668651897	0.0109242468727607	0.223012104561897	0	0	0.00826515668805085	0.26	0.075013616566719	1.04827334964937
TCGA.DZ.6134.01A.11R.1965.07	0.11723843884389	0	0.0633799493095056	0.0922760138466325	0	0.156827751846031	0.00478592772571972	0	0.0209911070244648	0	0	0.0111997439443248	0.0180507907075399	0.0970647629904993	0.0266666683664069	0.322845165115465	0.00328057027195046	0	0.0463604440952032	0	0	0.0190326659123671	0	0.368962894773592	0.930014115319918
TCGA.BQ.5886.01A.11R.1592.07	0.0196258207571021	0.0257626120513508	0.000902537153447342	0.079873733273874	0	0.187052552501444	0	0.00176096030203051	0.00908516937811302	0	0	0.0352919656723166	0.0114171433948217	0.196065852877027	0.0277593975516399	0.346204718572337	0.0132844652895403	0	0.045913071224956	0	0	0	0.08	0.193590821220522	1.01446257215063
TCGA.A4.A4ZT.01A.11R.A26U.07	0.0223109358813874	0	0.0118230359185931	0.0961397783000243	0	0.339736323828192	0	0	0.00900581766699472	0	0	0.0299181627457646	0.0325393103929658	0.0230700080233397	0.0346865455273141	0.280622337044795	0	0	0.114319542620713	0	0	0.00582820204991686	0.2	0.104020006603933	1.04431389284599
TCGA.UZ.A9PS.05A.11R.A42S.07	0.00326438882728366	0.0166435726126096	0	0.104733359979101	0	0.0800747721718019	0	0.00181762426255473	0.0405070908330202	0	0	0.0766836152761255	0.00177371471011021	0.321327384249509	0.040065425207858	0.217578778545663	0.00625964465878901	0	0.0858238766140247	0	0.00344675205154893	0	0.12	0.164485622803257	1.03444875940667
TCGA.B1.A47O.01A.11R.A24Z.07	0.00138453321399794	0.0131145330007377	0.0043148069274056	0.0672859836707048	0	0.169085961480109	0	0.00334635597014129	0.0447719944028123	0	0	0.0507052654419364	0.0240269328652784	0.168405088961842	0.00823530384645614	0.407018944509089	0	0	0.0326766260439237	0	0	0.00562766966556589	0.0600000000000001	0.203620140317415	1.01375029248689
TCGA.MH.A561.01A.11R.A26U.07	0.140729020965555	0	0.172862403648391	0.106624884503693	0	0.186539257748312	0	0	0.0293701819938075	0	0	0.0390593595150106	0.0100113651775942	0.0492116738586617	0.00866972289714749	0.196107087252277	0	0	0.0585553952538103	0	0.00225964718574015	0	0	0.415910359363147	0.910417380267464
TCGA.5P.A9K0.01A.11R.A42S.07	0	0.0211919519236057	0	0.0744955546803389	0	0.113579794274173	0	0.0104827747303893	0.00926578433559024	0	0	0.0315871452715529	0.0192132717396543	0.213426023471407	0.00343306352461693	0.44575989996591	0	0	0.0575647360827623	0	0	0	0.04	0.213567913126482	1.01635947434123
TCGA.A4.7288.01A.11R.A32Z.07	0	0.0245514596162503	0.0132597707771482	0.0325567441843387	0	0.201508075212062	0	0	0.0249561034688243	0	0	0.0766685430608003	0.0206232698382232	0.0326152535106287	0.00568772564914388	0.336657331400001	0.00881696476530166	0.024622916102466	0.197475842414812	0	0	0	0.66	0.00467588605208692	1.07833036229814
TCGA.A4.7996.01A.11R.2204.07	0.0344896894049746	0	0.00221777645489828	0.121003879545001	0	0.186984515558739	0.00034190065432746	0	0.00103606477738498	0	0	0.0168998823617767	0.0882621305536289	0.186087603192877	0.0105306550101374	0.247089675620642	0.0348466272225531	0.000485948065586257	0.0437270893725414	0	0	0.0259965622049312	0.02	0.239481752708001	0.989507128455042
TCGA.P4.A5E6.01A.11R.A28H.07	0	0.0154664478783986	0.00571571874473752	0.116526178951786	0	0.268405401419495	0	0	0.0415582942455448	0	0.00664555715364361	0.0138666369319376	0.00188917363745214	0.128932261184934	0.0402793927762562	0.316888504090059	0	0	0.0438264329857552	0	0	0	0.08	0.186563555513723	1.01627592838646
TCGA.DW.7842.01A.11R.A32Z.07	0	0.00508880000898196	0.000468621292006689	0.0301364558323639	0	0.276243490552007	0	0	0.0342635886142204	0	0	0.0324301276526947	0.184712075157358	0	0	0.241790133062587	0.00246814541696414	0.0361906696661457	0.15620789274467	0	0	0	0.52	0.0274482303816731	1.06772749734208
TCGA.SX.A7SO.01A.11R.A355.07	0	0.0225596461235606	0.0106836823849751	0.0529174279496065	0	0.126679075882673	0	0	0.00891907224762962	0	0	0.0690417175655479	0.10718663906948	0.134643800228423	0	0.305873637997556	0.0156602870689214	0.00264699619524012	0	0.130525893847024	0.0126621234393623	0	0.12	0.154716581854445	1.03211111436723
TCGA.5P.A9K3.01A.11R.A42S.07	0	0.0189853828839055	0	0.0718306771949855	0	0.142614184971531	0	0	0.0296334630114286	0	0	0.0347419112877462	0.106923332305625	0.0286187557127209	0.0772656480004923	0.351577331972975	0.0205059569244854	0.00688218619691359	0.0976228488336818	0	0.0127983207035088	0	0.16	0.129950960490993	1.02996862491074
TCGA.AL.3467.01A.02R.1351.07	0.0947500799049667	0	0	0	0	0.341126525838979	0	0.0585507665267736	0	0	0	0.135903971786036	0.0475497133782407	0.0929086081872878	0.0128047402714398	0	0	0	0.216405594106277	0	0	0	0.66	0.00683075348654761	1.09817464221059
TCGA.A4.A772.01A.11R.A33Z.07	0.00255917749399767	0.0186341413151363	0	0.061688406906311	0	0.16103195434113	0	0	0.0119929664273324	0	0	0.0127213195556644	0	0.25828927287565	0.00928539929597461	0.405707922920887	0	0	0.0548927814413428	0	0	0.00319665742657465	0	0.420567098458687	0.910907849298823
TCGA.2Z.A9JR.01A.12R.A42S.07	0.0184912479724665	0.00297793571527588	0	0.110216046153248	0	0.225190330174031	0	0	0.00141250299129166	0	0	0.0283246574859079	0.0109834492535865	0.159869045839815	0.00325023342893749	0.405697433465979	0	0	0.0299357375704022	0	0	0.00365137994905866	0.02	0.273506148158235	0.981627300991148
TCGA.2Z.A9JO.01A.11R.A42S.07	0.157928928982757	0	0.0348059043039124	0.0442470072847444	0	0.184533568652702	0	0.000118539981796451	0.00382111110085232	0.00398584370916591	0	0.069825078760238	0.00922468156073786	0.0441519261023928	0.0214295558625319	0.388206614140669	0.0112789234976101	0	0.026442316059889	0	0	0	0.08	0.193056294439383	1.00947596061499
TCGA.P4.A5E8.01A.11R.A28H.07	0.0244995354156675	0	0.00712786670655678	0.22103888265502	0	0.146728008211371	0.154653502096218	0.0171429885123806	0	0.0155195941223332	0	0.0517722428085587	0	0.120728761494348	0.000121617510611837	0.048503849526245	0	0.0669210567269235	0.0727771451574464	0	0.0390068377973865	0.0134581112589336	0.18	0.120789580009358	1.041592737213
TCGA.GL.A9DE.01A.11R.A37K.07	0.0112497992187518	0.0372359129374548	0	0.0573255418311994	0	0.182120819887092	0	0.00830752868726255	0.0070653046503103	0	0	0.0586347720946586	0.0617386230049834	0.113386653774745	0.0223160604306076	0.406445796505574	0	0	0.0332452281050561	0	0	0.000927958872303804	0.12	0.149966374582394	1.03141528984538
TCGA.Y8.A895.01A.11R.A36F.07	0.00701634237206369	0.0285401961953269	0	0.05716882561982	0	0.262315405901352	0	0	0	0	0	0.0490402520410328	0.00717440264076967	0	0	0.262880702428959	0	0.029062758143459	0.128806710188655	0	0.0135667493378636	0.154427655130698	0.24	0.0797243411353399	1.0526300728947
TCGA.SX.A7SM.01A.11R.A355.07	0	0.0498353150143671	0	0.13502231839047	0	0.119806375408858	0	0	0.0524366533845916	0	0	0.0406437356111079	0.088797553923339	0.0911166067269619	0.0190864579552463	0.301312883722882	0.0371739445832735	0	0.0459041147248252	0	0	0.0188640405540784	0.2	0.104171327481188	1.04128575203198
TCGA.F9.A4JJ.01A.11R.A24Z.07	0.100529356537226	0	0.0105023818545013	0.302002642985346	0	0.20042036315505	0.0348526854662348	0.0151823266951783	0.0959779755319743	0	0	0	0.00893048480292547	0.0167046583823625	0.0714962483804187	0.0783820176434842	0	0	0.0545639858654822	0.0104548726998172	0	0	0.08	0.184547370793198	1.03326432116377
TCGA.Y8.A8S1.01A.11R.A37K.07	0.0504703677421791	0	0.030028172239227	0.152548118612884	0	0.0563326043103479	0	0.00306341713795907	0.0240341286042833	0	0	0.0332106647064562	0.0361290376143183	0.145941509197589	0.0095340368717476	0.439317845757519	0	0	0.0163034833112487	0	0	0.00308661389424036	0.02	0.306616651772933	0.964336922662465
TCGA.G7.6789.01A.11R.1965.07	0.0609533901281571	0	0	0.0217694667347316	0	0.415832443465192	0	0	0.0193595725532073	0	0.00813515136849549	0.0372516543395587	0	0.0633967678370652	0.0231607298743015	0.197693233840114	0	0	0.0655212543289317	0	0	0.0869263355302449	0.26	0.0713432655779331	1.06175575510265
TCGA.BQ.7060.01A.11R.1965.07	0.0286184552017369	0	0	0.0884365591567428	0	0.202027990759794	0	0	0.0155578710480136	0	0.00701336000976571	0	0.055797194027066	0.0641931257910813	0.0224833109640463	0.490657933114297	0	0	0.0252141999274562	0	0	0	0.02	0.273660104557859	0.979953735401987
TCGA.UZ.A9PO.01A.11R.A38C.07	0.0149545558935352	0.0151706783121601	0	0.0378362947266279	0	0.162732433744114	0.0044005551938211	0	0.0474786253645952	0	0	0.0209766262857334	0.0181594712477558	0.183858659959109	0.00728269436576477	0.403001012795872	0	0	0.0841483921109106	0	0	0	0.0600000000000001	0.196078397688252	1.01570289226166
TCGA.BQ.5875.01A.11R.1592.07	0.0186077736054486	0	0	0.0310129175420201	0	0.198319079180282	0	0	0.0239894230152711	0	0	0.0263660917202912	0.0583594545018462	0.248207201211344	0.0403870697285597	0.285293864706983	0	0.0152544689265991	0	0	0.0458409824776838	0.00836167338367119	0.18	0.114468603651617	1.05387235582978
TCGA.Y8.A894.01A.11R.A36F.07	0	0.0509884883848455	0.0494692592875763	0.0729926965295715	0	0.188213587967996	0	0	0.0345583340092713	0	0	0.0794265543594848	0.0191690719872327	0	0.0136634376871618	0.220707188696392	0	0	0.270811381090468	0	0	0	0.74	-0.00580151579458746	1.08586852845021
TCGA.UZ.A9Q0.01A.12R.A42S.07	0	0.0155416291195751	0	0.0340757910072041	0	0.175440384612613	0	0	0.00689820907877862	0	0	0.0436759031910397	0.0146694683209837	0.149414875741835	0.000491682807719881	0.377858860568948	0.0124557559693743	0.00672381783437751	0.162753621747551	0	0	0	0.12	0.162708611833996	1.02606659310228
TCGA.A4.A7UZ.01A.12R.A355.07	0	0.0013370062604651	0.0498643320016004	0.318872364438144	0	0.141731803620397	0.00252358653087262	0.0232129911089645	0.0333026222681209	0	0	0.0445911409367863	0.009092492986316	0.0519385459781367	0.0989038346162672	0.0801521482554174	0.00514915606772149	0	0.09240047424527	0	0	0.0469275006855203	0.18	0.122019808801381	1.0520202628587
TCGA.BQ.5892.01A.11R.1592.07	0.0315645168786455	0	0.00657259095245994	0.421583672130116	0	0.0740659146808871	0.00329957977894538	0	0.00686494650615557	0	0	0.090211698481636	0.0210993952026361	0	0.0688662810905207	0.164625630619058	0.00836037223839418	0	0.102885401440545	0	0	0	0.02	0.253388690850871	0.998396994831009
TCGA.AL.3471.01A.02R.1351.07	0.00493056611460182	0	0.0165444416037917	0.0707062628624185	0	0.468744452373029	0	0	0	0	0.00970637854154799	0.0145275564591092	0.0186123418210512	0	0	0.206961744200605	0	0.0589762765832132	0.130289979440632	0	0	0	0.36	0.0459071445026564	1.07875809623631
TCGA.UZ.A9PR.01A.11R.A42S.07	0	0.0011084278146745	0.00273336569759492	0.0318149002792752	0	0.192977139141529	0	0	0.0240710405001433	0	0	0.0473209050721602	0.267005906209322	0	0	0.281176943072252	0	0.00419392252025414	0.147597449692795	0	0	0	0.32	0.0561092424399124	1.0630064009316
TCGA.IZ.8195.01A.31R.2404.07	0.00651254329421417	0.00103705150629033	0	0.0481206119224756	0	0.155292401928325	0	0	0.015339596285421	0	0.0454658441117749	0	0	0.364501289017017	0.00112563629317316	0.267002765298713	3.81800048456855e-05	0	0.0837466529475147	0	0	0.0118174273902349	0.02	0.234171048483563	1.01071903962726
TCGA.DW.7837.01A.11R.2139.07	0.00894123186312017	0.015252933142428	0.00755652744236351	0.027751721041997	0	0.382410151156439	0	0	0.00811484877638819	0.00897703529628252	0	0.0211193548424928	0.0116577140528009	0	0.00995902294453753	0.269265797865046	0.00904958511356641	0.0035408623866837	0.195331629751302	0	0	0.0210715843245518	0.04	0.224712856816711	0.994045509955267
TCGA.2Z.A9J8.01A.11R.A42S.07	0	0	0.00748544457009831	0.105418539475112	0	0.231730340322316	0.00316578513540434	0.0166695505183001	0.0274740714287916	0.0349082868203221	0	0.0445727417085922	0.150803894073176	0	0.082980235547461	0.231738638524627	0.0231540634758235	0	0.0398984083999754	0	0	0	0.26	0.0721175350394042	1.05846361659059
TCGA.BQ.5894.01A.11R.1592.07	0.0507736721990801	0	0.00718418693524615	0.219345730704018	0	0.209229053208313	0	0.0197436155644344	0.0375909273591692	0	0	0.0195763626769853	0.00650241050716593	0.101101227703678	0.139337507446091	0.0994609929811346	0.0133331757027019	0	0.0690744024885355	0	0	0.00774673452344605	0.14	0.13807149845534	1.04264260492516
TCGA.5P.A9K8.01A.11R.A42S.07	0.030801336347377	0.00276839890527503	0	0.0491427125436151	0	0.121313246831773	0	0	0	0	0	0.0259847962112998	0.166874176227535	0	0.00187387388940928	0.418915306245276	0	0.0343016474829505	0.125510742481546	0	0.0225137628339433	0	0.2	0.102145073599708	1.04535846930954
TCGA.G7.6795.01A.11R.1965.07	0	0.0175881469915717	0.0223417050296039	0.291901433196443	0	0.10100906463991	0.0208316620228854	0	0.0271800238620234	0	0.0289279355599717	0.0289473247365792	0.0157180613641853	0.0151008978988283	0.00730728574106705	0.294145520126729	0	0	0.0406944578119841	0	0	0.0883064810182177	0.18	0.122131909506385	1.04375414273107
TCGA.BQ.7062.01A.11R.1965.07	0.0312708075611528	0	0.000781224133520351	0.152740726773561	0	0.224047419787036	0	0.00310428767876608	0.0200468659506902	0	0	0.0361905740011547	0	0.191994594371415	0.00215081983143514	0.29656364207198	0	0.00142906854933563	0.0373813584735551	0.0022986108163979	0	0	0.02	0.298890713837484	0.967920338405336
TCGA.AL.3468.01A.02R.1351.07	0	0.0479589812398781	0.0284671078979361	0.068925298893239	0	0.220219094457996	0	0.0031776061227115	0	0	0.0109618484385017	0.00644015377940918	0.030895640144656	0.104790813534941	0	0.246907286232327	0	0.0753393182140463	0.13626309200817	0	0.0196537590361881	0	0.36	0.0454163194562206	1.05581197766831
TCGA.UZ.A9PQ.01A.11R.A42S.07	0	0.00348818377880029	0.00599181997862261	0.0424887335439562	0	0.265163894754659	0	0	0	0	0.0280554970309022	0.0298667581960465	0.0629508914487179	0.201944844052856	0.0322501672884389	0.223013663726782	0	0.0304397960012118	0.0743457501990059	0	0	0	0.24	0.0795664820084968	1.05570862144991
TCGA.5P.A9JY.01A.11R.A42S.07	0	0.0148827304445015	0.00135918948393505	0.114767669903152	0	0.284752818111902	0	0	0.00657861298353722	0	0	0.0743990529651004	0.0263631725308808	0.0233952420658231	0.0617523016486314	0.316923739667895	0.00383664904124563	0	0.0709888211533965	0	0	0	0.18	0.12005081554904	1.04222154996147
TCGA.B9.4117.01A.02R.1351.07	0.0381193859549036	0	0.0178958870523572	0.0930252335951235	0	0.144840624403944	0	0	0.00820810127139862	0	0	0.0339876178095862	0.00535195850301398	0.0209080134770745	0.00097876108879685	0.574029303113875	0	0	0.062655113729927	0	0	0	0.02	0.269042259166214	0.983465138728876
TCGA.G7.6792.01A.21R.1965.07	0.0315738444700965	0	0.001404582643583	0.0657257740279644	0	0.25326407686125	0	0.00852119442157065	0.0202030434058687	0	0	0.0329148557813511	0.0102737456191425	0.0343832844413146	0	0.205866206152772	0.208889433077315	0.0552719669684445	0.0655408962840431	0.00504831873475067	0	0.00111877711053358	0.2	0.0954883274223282	1.04130334869233
TCGA.G7.6790.01A.11R.1965.07	0.14027505466673	0	0.0429820906946629	0.0457517963897458	0	0.270154849191719	0	0	0.0391333489630722	0	0	0.028093755875603	0.0501758741363124	0.149781937569254	0.0125776462702415	0.179946220639175	0	0	0.0348890968847058	0	0	0.00623832871877936	0.1	0.176739903002821	1.01385800715949
TCGA.IA.A83V.01A.11R.A355.07	0.0367980797761946	0	0	0.15928616393577	0	0.136853038793353	0	0	0.0123218855316803	0.00225266401029124	0	0.0140458012319051	0	0.159195127782157	0.0314605502236339	0.397242053491576	0.00471594065355599	0	0.0448103892536189	0	0	0.00101830531626289	0.02	0.295272475788202	0.968869345557891
TCGA.J7.6720.01A.11R.2139.07	0.0317182492839262	0	0.00840007139839866	0.0627690109742394	0	0.16491125986134	0	0	0.00614303309606752	0.0118132377919062	0	0.0198184724881503	0	0.123472083756494	0.019455504669127	0.432406488153921	0.0234870363874797	0	0.0867119511944007	0	0	0.00889360094454966	0.04	0.223874862474345	0.999567500059256
TCGA.HE.A5NF.01A.11R.A26U.07	0.0154897129705006	0	0	0.0703702502580318	0	0.143585200527933	0	0	0.00828869061851507	0.00162336738406257	0	0.0270495932406848	0.00796962819562691	0.21339296833484	0.0159307275668458	0.467003988645129	0	0	0.0261371974387766	0	0	0.00315867481905406	0	0.444725188720018	0.897679641836075
TCGA.DW.7838.01A.11R.2139.07	0.0603314298033011	0	0.00143245206596476	0.066998732501824	0	0.107626228280529	0.022580188162656	0.00136983659856397	0.0302864999335857	0	0	0.00728019298444112	0.0105136235044431	0.28911535411635	0.025661135994457	0.302414900449366	0.0417818905319743	0	0.0237630360762557	0	0.00188404111411621	0.00696045788217251	0	0.406308693385588	0.916570779976592
TCGA.SX.A71S.01A.11R.A33Z.07	0	0.0112543392873978	0.0136592624383283	0.0390862409819252	0	0.281444977090511	0	0	0.0307522696022825	0	0	0.0810459524169468	0.0538368298255532	0.00599755755719046	0.00924001667313461	0.386205727942836	0	0	0.040626857845594	0.0468499683382997	0	0	0.26	0.074882592694358	1.06097348187025
TCGA.G7.6797.01A.11R.1965.07	0	0.0195319139178622	0	0.112890598287489	0	0.267526797783747	0	0.00366826296789755	0.0193085546280974	0	0	0.0302286641747758	0.0673715550572927	0.0166028354281573	0.0303371200424074	0.195533658407936	0	0	0.231783527301275	0	0	0.00521651200306265	0.42	0.0339618207868412	1.07114065336378
TCGA.2Z.A9JN.01A.21R.A42S.07	0.0868718914396404	0	0	0.0762509732276246	0	0.343262913303088	0	0.0153966892799625	0.0342563067612898	0	0	0.0376429490186777	0.0497651380463456	0	0.04555179705743	0.195662190262234	0	0.00665850010509779	0.108680651498609	0	0	0	0.3	0.0610413069292987	1.06283930255549
TCGA.A4.7585.01A.11R.2139.07	0.0705405610833244	0	0.00792483537514061	0.202365637088433	0	0.176994574346344	0.0379165632609923	0.00436192174082003	0.0370316523565962	0	0	0	0.0243028377745192	0.0711894918416143	0.086492320233704	0.23334320840831	0.0125740245641241	0	0.0345538983894874	0	0	0.000408473536590537	0.02	0.271719713122557	0.974083479272789
TCGA.A4.7997.01A.11R.2204.07	0	0.0170085126635753	0.000470667380901138	0.0355991614475719	0	0.110486502764925	0	0.0100009472491052	0	0.00306656641894072	0	0.0292994425100057	0.166458243454568	0.0902999060775956	0.0145683335778381	0.301768418296476	0.00494054987641164	0.00360436498175269	0.160715720813071	0	0.0368851762778809	0.0148274862093812	0.18	0.12207940120433	1.03547524113148
TCGA.GL.A9DD.01A.11R.A37K.07	0.0176120819018306	0	0.000812911876369918	0.0578399300200554	0	0.111580589395413	0.00401783162304758	0	0.0268826855617676	0	0	0.0136591342765131	0.0121777549093402	0.367015102804124	0.0148230394483457	0.305145653694779	0.0153653784269104	0	0.0463255103816156	0	0	0.00674239567988815	0	0.49920317490072	0.867067963008405
TCGA.5P.A9K6.01A.11R.A42S.07	0.0043127877612705	0.0286827972295705	0	0.0826211155823755	0	0.140379875808529	0	0	0.0243917811779085	0	0	0.0349499135080606	0.0276654577419689	0.154716349959681	0.00522149326685896	0.41986795074847	0.00902783237480674	0.014243853225524	0.0539187916149758	0	0	0	0	0.332426108233013	0.951331511235323
TCGA.O9.A75Z.01A.11R.A33Z.07	0.000350032450978791	0	0.0018594124142008	0.0940159408122964	0	0.392958975349382	0	0	0.00562321988344101	0	0	0.0415583779879752	0.0194976010558849	0	0.00458384060796397	0.200850294911021	0	0.00837324694608831	0.225583326843902	0	0.0040214859003193	0.000724244836546005	0.08	0.188488182997471	1.01791412169008
TCGA.MH.A562.01A.11R.A26U.07	0.00857330827613764	0.0163500497079481	0	0.229364921281611	0	0.0335996614604841	0	0.017675342352267	0.0247668500287895	0.076052154221241	0	0.0510150371275732	0	0	0.0136544142267543	0.346572079648324	0.00418313673208917	0	0.171308657653159	0	0	0.00688438728362191	0	0.342031477338501	0.944114866965261
TCGA.UZ.A9PL.01A.11R.A38C.07	0	0.025041822191746	0.00739143355730517	0.115344422155791	0	0.179916595768012	0	0	0.0554088347459312	0	0.00992687428528938	0.0652142807053363	0	0.116016258316176	0.0243710981015834	0.134054035039789	0	0	0.267314345133041	0	0	0	0.4	0.0398862924750097	1.07385035193388
TCGA.2Z.A9JM.01A.12R.A42S.07	0.00701303551369502	0.0118179579099132	0.00069485476147204	0.0858856989298439	0	0.312646597129256	0.00385688070355428	0	0.0234335843855017	0	0	0.0152443887549116	0.0309738070117903	0.0784684929169336	0	0.252160966368545	0.0780457838598943	0.00135986788592798	0.0617833570010834	0	0	0.036614726867678	0	0.32337210102829	0.951241924203505
TCGA.HE.7130.01A.11R.1965.07	0.0483775425194449	0	0.0863482427590485	0.119469446845448	0	0.285912365863251	0.0253274483730187	0.00753374358247591	0.0461560518822022	0	0.00806778083099992	0	0.042123332473648	0.0126589371799193	0.0396332135856528	0.158947895715991	0.0475087165923304	0.0328821286695609	0.0295817298602357	0	0	0.00947142326677279	0.08	0.191134157030935	1.00723021328961
TCGA.5P.A9KE.01A.11R.A42S.07	0.0271913802957099	0	0.013170494535519	0.012068551500915	0	0.106386144936484	0.00168245744606026	0	0.0178360427832604	0.0460557938227781	0	0	0	0.300173507767649	0.00295410012420284	0.387263007639028	0.00533298265324532	0	0.0798855364951485	0	0	0	0.02	0.309585856613452	0.972366550724386
TCGA.2Z.A9JD.01A.11R.A42S.07	0	0.051755679837715	0.0165202547071276	0.136641703773253	0	0.123587085299532	0.0105990205788163	0	0	0	0.0859820815115398	0.0285195119921741	0.123662062489449	0.0208799709847872	0.00895633287170935	0.223671358367655	0	0.0123627074300195	0.0116183704646923	0	0.0569822495744795	0.0882616101170508	0.64	0.0126813838382289	1.07882251720811
TCGA.G7.7502.01A.11R.2204.07	0.0353365304982216	0	0.00577742093453987	0.037870650059139	0	0.099742941522956	0.00806558351153386	0	0.0175882278696903	0.0239497460327336	0	0.0135352779822049	0	0.63621274863159	0.0101710624102321	0.101388193777054	0	0	0	0.0103616167701046	0	0	0	0.641502706110199	0.767667798740227
TCGA.A4.7583.01A.11R.A32Z.07	0	0.00399005931357171	0	0.148586414828675	0	0.304536688398972	0	0	0.034285420139971	0	0	0.102356978830989	0.035651905272956	0.00810165696815555	0.0396057410645528	0.168096851454294	0.0303167055806797	0	0.107083120679265	0	0	0.0173884574679181	0.28	0.067220677993508	1.07227073355091
TCGA.5P.A9KA.01A.11R.A42S.07	0.112630126636203	0	0.337502537896548	0.0629426366241431	0	0.17384042921924	0	0.000829303680534393	0.0109121136090373	0	0	0.0356262587425678	0.00110438662689708	0.0317017748164946	0.0139807154004838	0.126861720655474	0.0589220481598259	0.00240293182295202	0.0263840827761104	0	0	0.00435893333348827	0	0.489059177569767	0.879338682116951
TCGA.IZ.A6M9.01A.11R.A31O.07	0.00188017037654315	0.0140113789725605	0	0.0637226718612888	0	0.109875399876536	0	0	0.0608540014901515	0	0	0.0629947272468443	0.00327732300548136	0.138899891093127	0	0.325229564085286	0	0.0222280908224421	0.177585408381118	0	0	0.01944137278862	0.02	0.305640184361306	0.959714454935511
TCGA.GL.A9DC.01A.11R.A37K.07	0.000353620025124034	0	0.00255643807178767	0.0506838410600884	0	0.202936815634993	0	0	0.0211588003982612	0	0	0.0520393754914831	0.000978161652619327	0.0972622175685913	0.00736582712668247	0.26304009534265	0	0	0.30162480762772	0	0	0	0.1	0.170546010805334	1.0221250241188
TCGA.IZ.8196.01A.11R.2404.07	0	0.0332845670729622	0.00117883840858514	0.0432541791642106	0	0.165185440353041	0	0	0.00450981976840487	0	0	0.0485267917565937	0.194929805522964	0.0529590845463271	0	0.205651621725633	0.0315647986102642	0.0209493019996058	0.174289612216656	0.0237161388547518	0	0	0.64	0.0102705860126237	1.07221867707157
TCGA.BQ.5880.01A.11R.1592.07	0.0121972703525034	0	0.0259811317603865	0.235883985192343	0	0.173074636767851	0.00597645142249909	0.00459272985783463	0.0454849724602032	0	0	0.0455576503156295	0.0126412130085188	0.14832037200261	0.0464578934987895	0.195012416413895	0.000569360069865211	0	0.0449693666240983	0	0	0.00328055025297405	0.16	0.124104996634041	1.04403136094054
TCGA.B3.4103.01A.02R.1351.07	0.0255010779928879	0	0.00428424080758349	0.0278802662414029	0	0.143151309723267	0	0	0.0257769679599239	0	0	0.0302488417834067	0.00758754706238601	0.193149536692031	0.022869617544538	0.364425088370672	0.0290955020868871	0	0.122717044313278	0	0	0.00331295942173625	0.1	0.175431537851036	1.022313936594
TCGA.UZ.A9PJ.01A.11R.A38C.07	0	0.0187494494304737	0	0.0442062108237747	0	0.250731673870384	0	0	0	0	0	0.0421934250579781	0.0405453638259124	0.141966842965058	0	0.208991270034144	0	0.0693152004398028	0	0.122221682553438	0.0610788809990331	0	0.54	0.0247572654414854	1.07888533039843
TCGA.A4.8516.01A.11R.2404.07	0.00160523397039344	0	0	0.0448140193260689	0	0.298658949671278	0	0	0.0169720795438743	0.00222016340181666	0	0.0401504279007011	0.00993766479482633	0.0614069930314026	0.00299164838037717	0.396385465724307	0.00557963821142963	0	0.119277716043525	0	0	0	0.02	0.243028530701252	0.989511505552429
TCGA.GL.A4EM.01A.11R.A24Z.07	0.0541991504776401	0	0.0736393247020553	0.0754727430595402	0	0.106804640033942	0	0.000847572450650365	0.0177664861955281	0.00376124906096689	0	0.031757193821621	0	0.278146735375062	0.0315095717757574	0.273988435157421	0.00281327454541951	0	0.0417576633779641	0	0	0.00753595996643111	0	0.341263349247303	0.947319507924401
TCGA.BQ.7055.01A.11R.1965.07	0.0777137436374387	0	0	0.263709824105152	0	0.120508570068659	0	0	0	0	0	0.0281058934149083	0.122508412058084	0	0.0131377449066929	0.261526069911706	0.00702675568185569	0	0.0993102810751601	0	0	0.0064527051403427	0.78	-0.00910127288609317	1.08602087397895
TCGA.UZ.A9PV.01A.11R.A42S.07	0	0.0251744565129007	0.0240726076309724	0.0542544470174698	0	0.266135892007373	0	0	0.00100907269227314	0	0	0.0622493484339708	0.0612860926649069	0	0.0221611183580325	0.292462422322653	0	0.0161295272494162	0.175065015110032	0	0	0	0.68	-0.0012162525715975	1.07684525203536
TCGA.GL.A59T.01A.21R.A28H.07	0.00176389011395001	0	0	0.0757040146481873	0	0.169260945976329	0	0	0.010192804611321	0	0	0.0226579404953208	0.0321612883795357	0.145843855392476	0.00170091594270413	0.434336327416193	0	0.000854450589826814	0.0817942767375299	0	0	0.0237292896966254	0.02	0.282179518792665	0.976590086994055
TCGA.KV.A74V.01A.11R.A33Z.07	0	0.0462960031925821	0.00420584856767922	0.202259396772564	0	0.255264673597367	0	0.00652349398102871	0.0102708864275451	0	0	0.0529177926767275	0.0193301391373144	0.0776236410569993	0.00994176313802139	0.264283880465937	0	0	0.049176447799369	0	0	0.00190603318686526	0.18	0.113869634048104	1.04966132018201
TCGA.UZ.A9PK.01A.11R.A38C.07	0.0501802498944812	0	0.00704396870777994	0.0352310860756595	0	0.133536027482394	0	0.00360162034954368	0.031278394342736	0	0	0.0303441555878873	0.0111816654793442	0.104540921267955	0.00149017541936989	0.46546377574594	0.00663267223747753	0.00638169373459116	0.0736835278463098	0.01460244465543	0	0.0248076211731004	0.0600000000000001	0.211709138220148	1.00650974263887
TCGA.A4.8515.01A.11R.2404.07	0.0451936352223676	0	0.008680599386727	0.0521917918166948	0	0.252231034710545	0	0	0.00208079762094427	0	0	0.0766214151025829	0.114142658183764	0	0.0210669842790558	0.311696317344147	0	0	0.115169107586036	0	0	0.000925658747136131	0.68	0.000393441842440728	1.07824226295902
TCGA.A4.A48D.01A.11R.A24Z.07	0.0051158412215348	0	0	0.0860604790551777	0	0.108035061656599	0	0	0.0102519971911232	0	0	0.0128762008192155	0	0.229564245177949	0.0175894832801763	0.487454772006563	0	0	0.0418726216753786	0	0	0.00117929791628271	0	0.444988369246166	0.898865848381222
TCGA.F9.A8NY.01A.11R.A36F.07	0.0541903834203927	0	0.00981000607444408	0.382953977263108	0	0.119580399061049	0	0.00640354100219551	0.106288279435292	0	0	0.096817246997843	0.00974161395859749	0	0.0741894525143369	0.0631435792196611	0.0045894650570044	0	0.0722920559960758	0	0	0	0.04	0.217358242262479	1.032179594532
TCGA.B1.A656.01A.11R.A31O.07	0.0622860030328895	0	0.0336353120696742	0.111364240003913	0	0.0946815933646192	0.00283344241283339	0.00815063047825092	0.0224981582645004	0	0	0.0508916559142159	2.9062463495791e-05	0.286545371353237	0.0224698972179249	0.242193414900119	0.0141454892155398	0	0.0445841270547834	0	0	0.00369160225400336	0	0.525933299860781	0.852668956337387
TCGA.5P.A9KH.01A.11R.A42S.07	0.0335293639654938	0	0	0.0401177919639036	0	0.138855005536972	0	0	0	0.00452526259162364	0.0310371536780129	0.0349091854736003	0.0443872949875851	0.107944951406505	0.0708330556663594	0.386961697362466	0.0370585576861997	0	0.0698406796812776	0	0	0	0.4	0.0401734132130784	1.07429548783398
TCGA.A4.8517.01A.11R.2404.07	0.0238179873963252	0	0	0.0365018133406171	0	0.140257136216277	0	0.00399814689197998	0.00815232686703086	0	0	0.0336572505916009	0.0544751339336585	0.231480696059401	0.00389512344801172	0.304529351946777	0	0	0	0.151198551464655	0.0049356430242462	0.00310083881941993	0.12	0.155124129030398	1.04358851816671
TCGA.B3.3926.01A.02R.1351.07	0.0206002701475813	0	0.00307426590050157	0.0657292735274598	0	0.388977051057917	0	0.00707944711554497	0	0	0.0108108345802939	0.0232702226502579	0.227385055812818	0	0.029400831991229	0.176128650228299	0	0.00837732890595189	0.0343311035996973	0	0	0.00483566448244808	0.28	0.0663014048671867	1.06546036462475
TCGA.HE.A5NL.01A.11R.A26U.07	0	0.0160296615138963	0.000694154832614938	0.152138933010302	0	0.133570125427466	0	0	0.0195961601584631	0.00345757848734246	0	0.030796915275937	0.00443430414188612	0.173658303901941	0.0116458278235655	0.355069871959045	0.00565767827917525	0	0.0855963721946749	0	0	0.00765411299369036	0	0.394045624047134	0.920476280439112
TCGA.AL.3466.01A.02R.1351.07	0.16388985669239	0	0.00302463225897478	0.0953941385246792	0	0.254875193512677	0.0511877862222065	0	0	0.0844266123185449	0.0293293936710584	0	0	0.0733973558279995	0.073785335038958	0.0292015028454822	0.0466500673416833	0	0.0948381257453461	0	0	0	0.14	0.139397157872166	1.0328507324641
TCGA.B9.5155.01A.01R.1592.07	0.00354202449174404	0.00515326927978002	0.00669517854765929	0.0216938094310388	0	0.336827670566794	0	0	0	0	0	0.0457324562323135	0.0161714607388336	0.000204439767864904	0.0068628198719127	0.0679356192526579	0.00842039594822417	0.00105183922830877	0.478400976639688	0	0	0.00130804000318078	0.1	0.170627712484366	1.05095981933662
TCGA.P4.AAVL.01A.11R.A42S.07	0	0.0136938519517405	0.00563170210987324	0.0273640149906959	0	0.189048110140186	0	0	0.0222593265983207	0	0	0.0579381088517842	0.0312244432067169	0.238223735419537	0.0300136034335117	0.289538975516119	0	0	0.0950641277815149	0	0	0	0.0600000000000001	0.208072406241742	1.00755342284293
TCGA.B9.5156.01A.01R.1592.07	0.0487739702120051	0	0	0.0659762813451951	0	0.117107293482744	0.00343340661575591	0	0.0209366586179685	0	0	0.00914575851845441	0.0448390800389016	0.173745055546919	0.00396648529239798	0.349588639273724	0.00154854336216426	0	0.113126224433864	0	0.00875913978171105	0.0390534634781952	0.02	0.294777361140038	0.966503603504516
TCGA.MH.A55Z.01A.11R.A26U.07	0	0.0295179964490662	0.0111179065313089	0.089112156327126	0	0.295802644084815	0	0	0.00343155426491212	0.0172558706938505	0	0.0423407732629644	0.00771972967338359	0	0.00111762244380463	0.23296709060199	0.0245477544153021	0.00683673873104941	0.238232162520428	0	0	0	0.18	0.119550922266309	1.03899353063009
TCGA.AL.3473.01A.01R.1193.07	0.0112223290621668	0	0.00651572605608931	0.571087941520827	0	0	0.00593837611810585	0.0591090189518187	0.021926790496719	0.0136303254421537	0	0.0908961383948807	0.00492887866160965	0	0.0534098714547882	0.110818624391247	0.0145229941902676	0	0.0284202332701804	0	0	0.00757275198914684	0	0.510696667264847	0.864014413033821
TCGA.G7.A8LC.01A.11R.A36F.07	0.0238896748020035	0	0.00547764127045539	0.0898982503300891	0	0.417868566242829	0	0.0178465396472545	0.0383922461024589	0.027082234915618	0	0.113978647000453	0.0444209027835417	0	0.0252618375965149	0.129513479037373	0	0.0114921723256648	0.0548778079457446	0	0	0	0.22	0.0833547746688854	1.08476656434535
TCGA.HE.7129.01A.11R.1965.07	0	0.0134906617082062	0	0.0400971604706285	0	0.167014053528331	0	0	0.0271883851040465	0	0	0.0431151895094597	0.019974273460389	0.102130883723503	0.00453257972502515	0.133485233665593	0	0.0078807368123429	0.441090842292475	0	0	0	0.14	0.13689940167345	1.05289303340778
TCGA.UZ.A9Q1.01A.11R.A42S.07	0.00235183915882282	0	0	0.154237436385585	0	0.2968406963657	0	0	0.0138720804825708	0	0	0.0349472335974428	0.0820426882032256	0	0.0504570103001615	0.307550235352822	0	0.0170478584549793	0.0406529216986911	0	0	0	0.22	0.0897862060194849	1.05704859340709
TCGA.HE.7128.01A.11R.1965.07	0.0512098587005674	0	0.0416664286153303	0.117321948384694	0	0.197635437250394	0	0	0	0	0	0.0140513201460757	0	0.0634889313088583	0.00279981390290222	0.483347108065819	0	0	0.0284791536253593	0	0	0	0	0.374720616760197	0.930221275101437
TCGA.4A.A93Y.01A.11R.A37K.07	0.0515951253396168	0	0.139313282595659	0.0834858616599759	0	0.0940530341362536	0	0.0101176091793764	0.0208544967802893	0.00534143150967478	0	0.0409577492038202	0	0.206190531559269	0.0246329602574792	0.303281389346928	0.00756127127435476	0	0.0126152571573037	0	0	0	0	0.363641888296183	0.936318912864725
TCGA.IA.A40X.01A.11R.A24Z.07	0	1.72151527331651e-05	0.010990252512589	0.289652350513942	0	0.231731562928404	0	0.0104371376505525	0.0650792446341491	0	0	0.0232263356124296	0.0807534534012449	0.0207136022132093	0.0267337678454591	0.237833363094442	0	0	0	0	0.00127031181562634	0.00156140262521851	0.16	0.125729313387363	1.05745993455621
TCGA.DZ.6132.01A.11R.1965.07	0.0152842666113421	0	0	0.0816505455128563	0	0.0945015532446188	0.00438118526788198	0.00879494680025376	0.00691350447877333	0.00242472167863792	0	0	0.00107267757255053	0.341174233009706	0.0202455079469811	0.394552243172846	0	0	0.0243719181051301	0	0	0.00463269659842157	0	0.556046795584605	0.831313165927109
TCGA.J7.8537.01A.11R.2404.07	0.0466882892795433	0	0.0655844692017964	0.364601108173481	0	0.0328191080535681	0.0251258388284914	0.050333704650875	0.0731592615742045	0.00554184482489171	0	0.0344598266762709	0.0215958846686824	0.0468656199328787	0.0754220273477179	0.100217993214414	0.0264850496384268	0	0.031099973934758	0	0	0	0.02	0.235252644606816	1.0011488025841
TCGA.HE.A5NK.01A.11R.A26U.07	0.00694661860400523	0	0	0.0426636090844043	0	0.124062584574321	0	0	0.00917376175061306	0	0.00283245697734717	0.0306591714074365	0.0529111630942634	0.0605484322142478	0.0148440674076314	0.524312158576389	0	0.00634223388449862	0.122093219450483	0	0	0.00261052297435993	0	0.430409303284065	0.90324680639878
TCGA.G7.6796.01A.11R.1965.07	0.167554306014073	0	0.0837792602887823	0.267785336785029	0	0.101535238730575	0	0.0291712261561397	0.0950548460397562	0	0	0.042060707535264	0.0344956403452196	0	0.0363617921415312	0.108917684953201	0.0167429486842355	0	0.0146263074011641	0	0	0.00191470492502898	0	0.391180142480092	0.925437672767447
TCGA.UZ.A9PN.01A.11R.A38C.07	0.0821267606786892	0	0	0.197815706558987	0	0.28164271184577	0	0	0.0375554452958297	0	0	0.05008191001813	0.0449597318780809	0.00967119175594686	0.0556043375975985	0.100554629962571	0.0815595325364229	0	0.0584280418719739	0	0	0	0.08	0.19047062738554	1.01570417568641
TCGA.BQ.5887.01A.11R.1965.07	0.105693386305865	0	0.0145640849103396	0.0942800492935729	0	0.171917818178949	0.0265585833406219	0	0.0356343317075	0	0.000552430677510755	0.00324360280378854	0.0146782875371899	0.125275019706079	0.0342606116440648	0.297376819852815	0.0290214507129899	0	0.0449188659522885	0	0	0.00202465737642505	0.12	0.163901613109026	1.01672965203824
TCGA.EV.5902.01A.11R.1592.07	0	0.021009190012444	0.00091412166072434	0.0243982936232414	0	0.200486026032386	0	0	0.0387717718769991	0	0	0.0575458431858089	0.0462356038876067	0.290807991097868	0.0186750175740737	0.18544437123737	0	0.0161049095551252	0.0949893892626101	0	0	0.00461747099374242	0.54	0.0245453883434245	1.08602653190034
TCGA.B9.4113.01A.01R.1193.07	0.00700238020848942	0.0120711912005641	0.00177764139936456	0.0982706908249859	0	0.13267697603844	0.00143835738798645	0	0.0280407972973633	0	0	0.0115705643435926	0.00157202282847699	0	0.00277792672530298	0.482541190516354	0.000920757303357059	0	0.215056129892085	0	0	0.00428337403363663	0	0.3550988809319	0.93895479040213
TCGA.BQ.5883.01A.11R.1592.07	0.112412508989408	0	0.00503387328234528	0.0603713913614655	0	0.362147017606371	0	0.0167778577454618	0	0	0	0.00332649157260472	0.0544172607960093	0	0.101588906727414	0.156516968939546	0.0535968481010642	0	0.07375077938264	0	0	6.00954956713475e-05	0.22	0.0950703582845381	1.04738177877309
TCGA.AL.7173.01A.11R.2139.07	0.011978877888442	0.0581445755135227	0.028581765766655	0.136389417439686	0	0.236154271947148	0	0	0.0529684872210291	0	0	0.0398108678602843	0.0341609159072469	0.119949939822965	0.0727725067015857	0.0814325504876804	0.0598303085147709	0	0.0618329790767369	0	0	0.00599253585224643	0.1	0.172687602508889	1.01403253491799
TCGA.BQ.5885.01A.11R.1592.07	0.0122184839177505	0.0265602757602361	0.0140980454300496	0.108977125682277	0	0.265958204724156	0	0	0.0447913087665518	0.0122685929136796	0	0.0050839463082689	0.0166196808968101	0.0209606211475207	0.0108721843788268	0.213299027772247	0.02106169535194	0	0.214666283760884	0	0.0092638403819866	0.00330068280681544	0.52	0.0288103159590847	1.07170768036608
TCGA.B3.8121.01A.21R.2404.07	0.0514458206446919	0	0.0201417257549104	0.0420290804264076	0	0.108664751276221	0.0236591705483364	0.0177517808479514	0.0208944839535266	0	0.0201617152756463	0.00616568293626737	0.010793844546139	0.151973127305239	0.0629270731029698	0.327228015031434	0	0	0.0755712192878709	0	0	0.0605925090623892	0.0600000000000001	0.205770943877623	1.00185937598972
TCGA.F9.A97G.01A.11R.A38C.07	0.0017504307191735	0.0313512652071034	0.0052869799613664	0.0948243543511001	0	0.0448704332322572	0.0014713584278879	0.00794627697002096	0.0104825040684142	0.020050787618072	0	0.00053675838269519	0.00332531606371143	0.30143303720438	0.0469332214741349	0.35263269359375	0.0231233415228413	0	0.0503989105881927	0	0	0.00358233061489831	0.02	0.279371236658138	0.986449467265094
TCGA.V9.A7HT.01A.11R.A33Z.07	0.0105602526262949	0.00743116604783778	0	0.0235402911662909	0	0.105791685756941	0	0.00155185348894252	0.0140641522138419	0	0	0.0271372598764325	0	0.163832407231355	0.01540783015057	0.554366631748394	0	0	0.0676459882157582	0	0	0.00867048147734182	0	0.466596223558366	0.88597573386185
TCGA.A4.8312.01A.11R.2404.07	0.0285322840930548	0	0	0.109380345458266	0	0.314079889347029	0	0.0379116995688138	0.00350659966692376	0	0.0168097465507089	0.0189227312437719	0.0577562743073704	0	0.0769199013137194	0.143679468931122	0.0252985165581086	0.0082693098322312	0.140935213202889	0	0.0161114230122253	0.00188659691376576	0.2	0.103870412309334	1.04458275435738
TCGA.SX.A71U.01A.12R.A33Z.07	0.0239656155454792	0	0	0.0329092216720976	0	0.193235167034832	0	0	0.0150706238479684	0	0	0.041885917706625	0.0268880478928758	0.138827272893734	0.0198695922868495	0.33650103799864	0	0	0.141544497899728	0	0	0.029303005221171	0.0600000000000001	0.210735881384605	1.00070452631495
TCGA.MH.A856.01A.11R.A355.07	0.0741617188895095	0	0.166868283113715	0.00360379681926935	0	0.125075746944731	0	0	0.0115646462483898	0	0	0.0203034701224941	0.072207699224594	0.00583558743705033	0.00462688619302204	0.170563111237427	0.190150653658147	0.00274865540169149	0.0367413207753081	0	0	0.115548423934652	0	0.352417778037868	0.939218166473326
TCGA.Y8.A897.01A.11R.A36F.07	0.0158292660540271	0	0	0.129674214814367	0	0.147554640572884	0	0.02409214379585	0.0224060997034041	0	0	0.0456983566253596	0.0180718000756551	0.199884683346768	0.036725211711282	0.282095599341745	0.0116051626520713	0	0.0576791407221153	0	0	0.00868368058447175	0.08	0.188343810782032	1.01467879946599
TCGA.P4.AAVK.01A.11R.A42S.07	0.00684432145878769	0	0	0.0855432733978869	0	0.236218704633233	0	0	0.0113081273367222	0.0121166314515177	0	0.0216554643423181	0.0738879811527296	0.111260268434179	0.0342692017751565	0.351181487399092	0.00753091379459039	0	0.0481836248237871	0	0	0	0.12	0.166341992848241	1.02229320171887
TCGA.B1.A654.01A.11R.A31O.07	0.0281723575797359	0.0287153999667102	0.0295595310992129	0.0438275811608232	0	0.202268543453264	0	0.018578746105064	0.112074594802207	0	0	0.0251503585260206	0.037233994065178	0	0.00464859494228556	0.185992972256697	0.200857680633424	0	0.0829196454093772	0	0	0	0.0600000000000001	0.207256207869918	0.995212090444733
TCGA.P4.AAVM.01A.11R.A42S.07	0	0	0	0.0552133154170555	0	0.0534600390800655	0	0	0.0231534448864264	0	0	0.0692682955794494	0.0376343067180375	0.119530677013305	0	0.476583932162219	0	0	0.165155989143442	0	0	0	0.0600000000000001	0.19672002319242	1.0195680777774
TCGA.2Z.A9JE.01A.11R.A42S.07	0	0.074824711672749	0.0202499326113259	0.0105593790348367	0	0.293104646896372	0	0	0	0	0	0.050155147658285	0.0693826850520678	0.148275564889081	0	0.210273651683196	0	0.0305818557645523	0.0865127795621821	0	0	0.00607964517535244	0.2	0.0996205420822393	1.03924076565646
TCGA.B3.4104.01A.02R.1351.07	0	0.0385560115832888	0.00898935730294054	0.0692643904297696	0	0.0416085214289187	0	0.0141492667465059	0	0.00360995730489649	0.00153454699587919	0	0	0.217191194767116	0.0480021412950618	0.28327922004669	0	0.13230986957287	0.126763961393784	0	0	0.0147415611322791	0.28	0.064076347880054	1.07254030190967
TCGA.KV.A6GD.01A.11R.A31O.07	0.0464851852514487	0.00103361436134712	0.0167115180371313	0.0885843726601585	0	0.107494426790849	0.0250178179242169	0	0.0192639407465991	0.0436173371131606	0	0.000403986074960707	0	0.227367333268496	0.0158816167594416	0.373238124337852	0.00166155756472619	0	0	0.0227181168705699	0.0105210522390428	0	0.02	0.305574701041785	0.966547079901035
TCGA.SX.A71W.01A.12R.A355.07	0.0242039451129255	0	0.00535052606611153	0.0710980773759165	0	0.198770665550482	0	0	0.031434890717524	0	0.001495337861588	0.0490559880974945	0.0156734950942832	0.0604473333100975	0.0312624877006518	0.283361198569993	0.00152766434400682	0	0.223806155345579	0	0	0.00251223485334591	0.12	0.148982823968583	1.02274618795877
TCGA.BQ.7059.01A.11R.1965.07	0.0119016226463249	0	0	0.0681459019222585	0	0.0600139609681818	0	0.00114346419096007	0.0168788243884928	0	0	0.0201740758632967	0	0.315977702028946	0.0123834240961779	0.452980975785001	0.0122995720041812	0	0.0270156384733556	0	0	0.00108483763282332	0	0.490940500362171	0.873988689453235
TCGA.A4.A5Y1.01A.11R.A28H.07	0	0.177764929140745	0	0.0320905407253868	0	0.149643687983479	0.00307088861742634	0	0.0451050596192681	0.00443398260656018	0.00240979810550336	0.00260833062005438	0.0152326582906982	0	0.0489774723867027	0.331091544093454	0.0108514143178229	0	0.175737303016633	0	3.17668580392132e-05	0.000950623618226501	0.2	0.100859827947252	1.03787500401313
TCGA.BQ.5876.01A.11R.1592.07	0	0.0479237659479861	0	0.0189993809609807	0	0.291519446671563	0	0	0	0.0464056369784173	0	0.0335910317952019	0.0061707462735677	0.193260877928087	0.0405625718243606	0.22436449162685	0	0.0171757709904542	0.0454948860446216	0	0.0345313929579103	0	0.32	0.055550854624933	1.06596313874864
TCGA.B1.7332.01A.11R.A32Z.07	0.0251552071584717	0	0.000148519511597083	0.116043392905347	0	0.186499472225514	0	0	0.0320253321524518	0	0	0.0568717974631071	0.0225328506701067	0.163054194345152	0.0203493998283059	0.242514338067856	0	0	0.13480549567209	0	0	0	0.14	0.147424008226649	1.02664982362496
TCGA.P4.A5E7.01A.31R.A28H.07	0.0307697981786156	0	0	0.0396321102111772	0	0.276949846731627	0	0.00490449534912972	0.00258775226977101	0	0	0.0203754492996234	0.126035660512904	0	0.0119917660837544	0.320054461457098	0.00905147159484783	0.00356990169413927	0	0.0989282313303119	0.0511047194042752	0.00404433588272539	0.2	0.0994251751129083	1.04460701324409
TCGA.2Z.A9JS.01A.21R.A42S.07	0.00672243747790598	0.0124663270472819	0.00171416110705113	0.0783152026020087	0	0.120509400464131	0	0	0.00545457024564487	0	0	0.0461481737629728	0.022609939471446	0.199686034149867	0.015971369001644	0.261532942203216	0.000438949497227795	0	0.228430492969603	0	0	0	0.28	0.0661521600686286	1.06517789741379
TCGA.BQ.7061.01A.11R.1965.07	0.0347183163739122	0	0	0.0554127572939635	0	0.261448954450053	0	0.00570836078587598	0	0	0	0.0218203580307981	0.126530746194104	0.0966939424427165	0.0507931515785978	0.249230620975244	0.0665774987495812	0	0.0310652931251546	0	0	0	0.04	0.212235474279558	0.996862539742639
TCGA.2Z.A9JL.01A.11R.A42S.07	0.181486323340877	0	0.283922351436699	0.0223941297915663	0	0.0740546724813216	0	0	0.0442160789540802	0	0	0.0503806377036341	0.00648940401251504	0.158366075089011	0.00685542783537498	0.0791595229106819	0	0	0.092675376444239	0	0	0	0	0.522039378129161	0.854630652815036
TCGA.2Z.A9JP.01A.11R.A42S.07	0.00341581877069946	0.00545121557211765	0	0.0906227196995082	0	0.143991450301506	0	0	0.00565328508051925	0	0	0.0195916050588328	0.00843875152851826	0.17561800669851	0	0.532457383703573	0	0	0.0147597635862154	0	0	0	0.02	0.270825672669904	0.994415639252528
TCGA.DW.7840.01A.11R.A32Z.07	0.0312846669645618	0	0.00644714882540142	0.195962257596566	0	0.241986758406557	0	0	0.0231385825926266	0	0.0244525778489456	0.0255982852737385	0.0896636726912187	0.0239466892333051	0.00235363909977923	0.195338322886316	0	0.00844354827900723	0.131383850301977	0	0	0	0.12	0.162750198393163	1.02181321332257
TCGA.BQ.7048.01A.11R.1965.07	0.0425524546764055	0	0.00630484124902869	0.0706878952728917	0	0.265405629205883	0	0	0	0	0.000126951688303288	0.00814810998184851	0.102881376171739	0.0778411560785036	0.0522689939905305	0.295015146996857	0	0	0.0784990938443809	0	0	0.000268350843628282	0.14	0.136437932892231	1.02692215899953
TCGA.DW.7841.01A.11R.A32Z.07	0.0409905758139347	0	0.00472926855282742	0.160408991524996	0	0.425928149510032	0	0	0.00930847995706659	0	0	0.0174252108345113	0.0334852991941253	0	0.0354275936563805	0.100676450439731	0.036346525533822	0.00406885737787869	0.120168710282132	0	0	0.0110358873225624	0	0.410882687163869	0.913389785242678
TCGA.5P.A9JU.01A.11R.A42S.07	0	0.017437145963259	0	0.0136262573558823	0	0.183489947979595	0	0	0.0122618275781017	0	0	0.0901463695196649	0.100512632149088	0	0.0261726458605663	0.467253620226678	0	0	0.0036815605610946	0	0.0854179928060694	0	0.26	0.0682128754558816	1.06869890899695
TCGA.2Z.A9J2.01A.11R.A38C.07	0.0118000721395504	0.0698522166103292	0.00156426590995561	0.14231685868378	0	0.122857379673717	0	0.0778264382810262	0.0489222301996671	0	0	0.054499905555189	0.0372918824998002	0.0162364995881761	0.0951821380270452	0.223380444373523	0.0193515164655474	0	0.057300344531205	0	0	0.0216178074614885	0.0600000000000001	0.2034199702766	1.00193590625601
TCGA.PJ.A5Z9.01A.11R.A28H.07	0	0.00767833493741733	0.0124129610633406	0.0655686251984189	0	0.136491486417922	0	0	0.0175645070289627	0	0.000304474459254797	0.0107927820879769	0.0023735237870646	0.453816066253682	0.00367811218098622	0.212536653515729	0	0	0.0767824730692448	0	0	0	0	0.345057848132448	0.960307214365001
TCGA.SX.A7SN.01A.11R.A355.07	0	0.0102835534710749	0.00104440744096286	0.0216485211016153	0	0.138949351418573	0	9.87362002222382e-05	0.0193534154837818	0	0	0.030749403921048	0.055814680895409	0.153209045674533	0	0.286003554629976	0.0499379381263745	0.0244521977918302	0.16126641456502	0	0	0.047188779279579	0.02	0.277912983034012	0.971733392682671
TCGA.BQ.5889.01A.11R.1592.07	0.115890035403138	0	0.0236164976232727	0.218853657985376	0	0.118741955825452	0.0410537194445201	0.00557713348704698	0.0650582178476555	0	0	0.0405495265755724	0.057795929968366	0.0269566797777855	0.0892123121865813	0.09746463666577	0.0146446515158237	0	0.0806853603361527	0	0	0.00389968535748668	0.02	0.318704266032144	0.953445506502697
TCGA.BQ.5882.01A.11R.1592.07	0.0820700705569067	0	0.0108902101023658	0.505585949617575	0	0.0330934015237448	0.0185884519732284	0.0319106386920068	0.0541641044831061	0.00876489889466795	0	0.031649848778684	0.00884001587295933	0.018882853343443	0.0870412269951019	0.0481685840424916	0.0282358068968082	0	0.0302413578851045	0	0.00187258034180609	0	0.24	0.0807769767055888	1.10291887720531
TCGA.GL.6846.01A.11R.1965.07	0.0810797333862128	0	0.00141426144481077	0.0811909985655643	0	0.290290101945346	0	0.0112579803660442	0.0188874195275233	0	0	0.0422352862191796	0.115456668120097	0.0129895667480063	0.102414491085191	0.11330024245575	0.0376938055740257	0	0.090397065314796	0	0	0.00139237924745215	0.36	0.0457363558377886	1.06396524876416
TCGA.5P.A9K4.01A.11R.A42S.07	0.0138670850357468	0.0066243559031677	0.00182778799349245	0.0307490618483159	0	0.222566253441293	0	0	0.0305794413157074	0	0	0.0777745925960241	0.00340637819480372	0.0668762158583738	0	0.344383982023153	0	0.012231947495653	0.189112898294269	0	0	0	0.68	0.000866776777238578	1.08554518925318
TCGA.A4.A57E.01A.11R.A26U.07	0.00372953156379649	0	0	0.058488657249414	0	0.103941405200776	0	0	0.0519247303375489	0	0	0.0411979618942718	0.116863993122037	0.0998298623961766	0.0474744099885501	0.295974577217877	0.00347100195189852	0	0.142958967387502	0	0.0250868212612799	0.00905808042887143	0.42	0.0350631309408761	1.06697986241113
TCGA.B3.A6W5.01A.12R.A33Z.07	0.026088666475855	0	0.00175587755218961	0.0680065086789879	0	0.133429689007921	0	0.00023174536614403	0.0262562761546678	0	0	0.0410338563523527	0.0157645009352664	0.0344171352097547	0.0126955699086963	0.242758216342953	0.0832357093270823	0	0.31432624868813	0	0	0	0.02	0.240098708894087	0.987885550876115
TCGA.G7.A8LB.01A.11R.A36F.07	0	0.0171015424911347	0	0.0663331719730944	0	0.305147055023733	0	0	0	0	0	0.145835427734589	0.115588030335775	0.0566458516350759	0.00182642902648171	0.130814185756659	0	0.0656390032056729	0.0950693028177852	0	0	0	0.78	-0.0113722052915355	1.09726005188686
TCGA.5P.A9KF.01A.11R.A42S.07	0	0.0100455257706082	0	0.0513348290522521	0	0.249692688827254	0	0	0.025744449464155	0	0	0.0537778733296217	0.000524764191258049	0.142303827347286	0	0.450525270524385	0	0	0.0154174848645923	0.00063328662858828	0	0	0.02	0.255709355192435	0.993075055707235
TCGA.Y8.A898.01A.11R.A355.07	0	0.0131810242133987	0	0.0445686904279674	0	0.142126494930241	0	0	0.00331965996661808	0	0.00728834239904276	0	0.0125402717776088	0.249855967986271	0.000252068048160351	0.471857009151692	0.0160407768757646	0	0.0233818928106923	0.00439813210539133	0	0.0111896693071516	0	0.488096002132004	0.874176119521645
TCGA.HE.A5NI.01A.11R.A26U.07	0	0.0123796981794073	0.00744812333968004	0.085650942516688	0	0.153766379579834	0	0	0.0318552580805518	0	0	0.0617519341197423	0.00680014954626349	0.100246541338766	0	0.285915345749213	0.000628157870395285	0.0138526878650933	0.236369463021802	0	0	0.00333531879256408	0.02	0.303813349298966	0.959965663703593
TCGA.Y8.A8S0.01A.11R.A37K.07	0	0.0365711530879406	0.00536183295421204	0.0406960954731738	0	0.290768175185132	0	0	0.0097274737280432	0	0	0.0214701179082474	0.0157448393342983	0	0.0152941150632019	0.416622508890562	0	0.000485343316916086	0.14306909249595	0	0	0.00418925256232276	0.28	0.0675934549554348	1.05872485589796
TCGA.B1.A655.01A.11R.A31O.07	0.0230824580481371	0	0	0.0287175020329957	0	0.105429759481472	0.00417838275607492	0.00354082939968727	0	0.00674055653159279	0	0.0309690343204555	0.138805420823495	0.161944942183458	0.0243359154359484	0.403640757533228	0.00981990597508669	0.0116585240909979	0.0417768755163079	0	0	0.00535913587106368	0.04	0.216280608983612	1.00909257852325
