B cells naive	B cells memory	Plasma cells	T cells CD8	T cells CD4 naive	T cells CD4 memory resting	T cells CD4 memory activated	T cells follicular helper	T cells regulatory (Tregs)	T cells gamma delta	NK cells resting	NK cells activated	Monocytes	Macrophages M0	Macrophages M1	Macrophages M2	Dendritic cells resting	Dendritic cells activated	Mast cells resting	Mast cells activated	Eosinophils	Neutrophils	P-value	Correlation	RMSE
TCGA.AB.2867.03A.01T.0734.13	0.139559590986866	0	0.00799653728115233	0.136693875432148	0	0.236009861574648	0.0261771840522534	0	0.00257923225047289	0	0.0746429666683655	0	0.208933280337995	0.0109082599765239	0	0.000311212669181439	0	0.00201299085204608	0.0768949420448309	0	0.0547514144203026	0.0225286514532143	0	0.417342490797997	0.908182509400575
TCGA.AB.2952.03B.01T.0760.13	0.142797492377753	0	0.035586201326042	0.080247597008497	0	0.117710566053153	0.00785454095684773	0	0.0135444411109954	0	0.0699853748188518	0	0.407839933735187	0	0	0.0210951357087737	0	0	0.0104770144238803	0.00788447717698918	0.0849772253030297	0	0	0.431384821729102	0.901915934335767
TCGA.AB.2936.03A.01T.0740.13	0.283426487577349	0	0.0931098290011005	0.0995957293287041	0	0.27836369476341	0.0144755551665116	0	0.00363425458259056	0	0.085713873042051	0	0.0927014125187044	0.00146539636594766	0	0.00952306678496047	0	0.00173796492084974	0.0277056215660288	0	0.00830849647739708	0.000238617904394626	0	0.448592050228794	0.896715254565808
TCGA.AB.2914.03A.01T.0734.13	0.0616839578000162	0.0172704582233679	0.0142446545923152	0.0230305516626561	0	0.101512646961798	0.0153391384830833	0	0	0.008263578309885	0.0321872671125638	0	0.489101392545848	0	0	0.0200277131546186	0	0	0.200982701007009	0	0.0163559401468386	0	0	0.365931134542918	0.937145997861436
TCGA.AB.2811.03B.01T.0760.13	0.0530601650832273	0.0702861452806292	0.00856634320573756	0.0270931475860959	0.0106473518168373	0.0394211742418709	0.0210686105815269	0	0	0	0.105058420833025	0	0.411728007791637	0	0	0.0509375981610658	0	0	0.0844887093409837	0	0.117644326077363	0	0	0.185250028308327	1.01617994748976
TCGA.AB.2998.03A.01T.0735.13	0.0579278112892422	0	0	0.0119486667585959	0	0.101753369440804	0	0.00324281955074714	0	0	0.0766369760036514	0	0.281006335734624	0	0	0.121954811522626	0	0	0.190378128562188	0	0.155151081137521	0	0	0.179742855105755	1.01147488768808
TCGA.AB.2870.03A.01T.0735.13	0.0410463118420701	0.00818301506274121	0.0234084578905724	0.0199073096103935	0	0.0699913123380603	0	0	0	0	0.0478184343219361	0	0.428868834237284	0	5.2752262804993e-06	0.0652659918717477	0.0131316049658541	0	0.241690484273942	0	0.0406829683591175	0	0	0.362922589195302	0.937278927628419
TCGA.AB.2900.03A.01T.0735.13	0.0293133598104567	0	0	0.0364175771299763	0	0.0223728862008633	0	0	0	0	0.0325580585386627	0	0.305958576878448	0	0	0.100022135380277	0	0	0.192104258894231	0	0.281253147167085	0	0	0.328085668090695	0.954876327620434
TCGA.AB.2943.03A.01T.0740.13	0.183483490624361	0	0.0819696263217545	0.0530639240324388	0	0.364098852105474	0.0100888028072143	0	4.88298980660176e-05	0	0.130321100869347	0	0.0741184442524511	0	0	0	0	0.00129058561420014	0.04308876426046	0	0.0584275792142324	0	0	0.519217819715567	0.854222283857307
TCGA.AB.2882.03A.01T.0740.13	0	0.00595547100937716	0.012012573141422	0.0652912665878457	0	0.186618718385641	0.0344265993469004	0	0.0242549364409547	0	0.277259137054885	0	0.168611134533184	0.00247802590707249	0.000587927601919254	0	0	0.000632395826062463	0.0849041401830372	0	0.136967673981698	0	0	0.260523853790511	0.991539972545349
TCGA.AB.2814.03A.01T.0734.13	0.140308358549882	0.0422419260347757	0.0187634047394739	0.146660300608905	0	0.140451061150518	0	0	0.000804004661719055	0	0	0.0522052991096937	0.122540303673227	0.0817964301420049	0.00205816291386993	0.022942484434472	0	0	0.0515512243195093	0	0.128392202952489	0.0492848367094605	0	0.202948717409493	1.00234379430253
TCGA.AB.2990.03B.01T.0748.13	0.127889810676868	0	0.175163386165447	0.0982403999623128	0	0.118506178144549	0.0180782994549281	0	0	0	0.0579618555173299	0	0.148596745237351	0	0	0.00554627913362091	0	0	0.132240826699658	0.000190585883480101	0.117585633124456	0	0	0.389127775424322	0.92324246280004
TCGA.AB.2982.03B.01T.0748.13	0.213346673148048	0	0.127848109291382	0.14662984528977	0	0.112113913362814	0.0380800478649355	0.00546254186611747	0	0.0052860226073396	0.0317452289404777	0	0.0707106356914135	0	0	0	0	0.0183472875366761	0.137307199772061	0.0164637667283838	0.076658727900582	0	0	0.160985977478652	1.03491735050118
TCGA.AB.2892.03A.01T.0734.13	0.0316757900630241	0.00371418878432087	0	0	0	0.0724335628944763	0.0180313603548984	0	0.0169388598053859	0	0.0350966388428192	0	0.538195838342499	0	0	0.0687088481286005	0.00736211828948652	0	0.149880855420401	0	0.0579619390740889	0	0	0.33461812377477	0.957300804222424
TCGA.AB.2912.03A.01T.0734.13	0.0762996438248377	0	0.0581883521161884	0.0051345560366648	0	0.0812029456157594	0.0202716598846768	0	0	0.00244035325440351	0.0320264848226344	0	0.637842991259047	0	0	0.0199226203267394	0	0	0.0430500700746768	0	0.0236203227843714	0	0	0.351636871271973	0.956739924157817
TCGA.AB.2812.03A.01T.0734.13	0.047108210165321	0.00364857993527956	0.000480923602106204	0	0	0.079046348573102	0	0	0	0	0.0639106315123302	0	0.0503078130723554	0	0	0.0158838306084577	0	0	0.316186474051582	0	0.423427188479466	0	0	0.270210691900233	0.994571403505969
TCGA.AB.2817.03A.01T.0736.13	0.242450754239363	0.0201152195772227	0.0344986928319627	0.0323573480495806	0	0.0546792076171037	0	0	0.0208275254618325	0	0	0.022707473686303	0.29091801116338	0	0.0011322020297201	0.0579212475072975	0	0	0.111165820517225	0	0.111200356479552	2.61408394573479e-05	0	0.53908471078513	0.845865494714926
TCGA.AB.2872.03A.01T.0735.13	0.174761101320113	0	0.13776911246518	0.0766261698876071	0	0.0774642645600298	0	0	0.0158501789522824	0	0.0614765501194918	0	0.124328539788383	0	0	0	0	0	0.272254922406035	0	0.059469160500878	0	0.02	0.130052615670197	1.04969342265616
TCGA.AB.2893.03A.01T.0734.13	0.0507371493434525	0	0.00455146752032039	0.00634203758332912	0	0.0559587840670614	0	0	0	0	0.0206721619487893	0	0.707289928151853	0	0	0.116577526603445	0	0	0.0250925110346997	0	0.0127784337470501	0	0	0.187365312465985	1.06880399174993
TCGA.AB.2991.03A.01T.0735.13	0.16656034075461	0	0.117056091270942	0.0741585736088659	0	0.172186189289965	0	0.00313974734144486	0	0	0.0823654780455164	0	0.17881391903887	0	0	0.0122904396691637	0	0.00545234449268285	0.173889914842834	0	0.0140869616451056	0	0.16	0.0926339408655146	1.05616983038225
TCGA.AB.2944.03A.01T.0740.13	0.137671444489792	0.0275359072324913	0.0631394214979518	0.041126321606867	0	0.205422986831759	0	0	0.00347667106607832	0	0.0132639749617303	0.00590778910935639	0.156841677635896	0	0	0.00768820770333398	0	0	0.0647103475334578	0	0.263750599485341	0.00946465084594508	0	0.286954709732785	0.969120761764978
TCGA.AB.2859.03A.01T.0736.13	0.0618251369801176	0	0.039548043453936	0.183727615931572	0	0.261527571156387	0	0	0.0603155779980412	0	0.144027194262937	0	0.131448779018829	0	0	0.00552124878508722	0	0.00104285522472254	0.0217424989018676	0	0.0892734782865029	0	0.04	0.11317542840058	1.06476101775951
TCGA.AB.2899.03A.01T.0736.13	0.19518169874655	0	0.0938394935530341	0.046590904407151	0	0.0656410871825851	0.0221873027711253	0	0.00395590460026501	0	0.0468351828032538	0	0.389835420084538	0	0.00147653814132918	0.0234565112315625	0	0	0.107332275592496	0	0.00366768088611054	0	0	0.578830142013957	0.821986940065078
TCGA.AB.2940.03A.01T.0736.13	0.108479241687082	0	0.13363961590256	0.0369176977087076	0.0131284639979471	0.0372265077231391	0	0	0	0.0014055293905553	0.0148315621325236	0.0137586873114359	0.322039923007657	0	0	0.0169748019509312	0	0	0.264825429609237	0	0.0275862994276432	0.00918624015058046	0	0.47403995189005	0.880275174338053
TCGA.AB.2946.03A.01T.0740.13	0	0.0962070297857689	0.0245680210527896	0.0128648069527623	0	0.0753985301724613	0	0	0	0	0.0701544576341331	0	0.540683578611481	0	0	0.0361111100413998	0	0.00626919221725986	0.0583879313026929	0	0.079355342229251	0	0	0.413683017128833	0.914191346657064
TCGA.AB.2842.03A.01T.0734.13	0.0783674347687385	0	0	0.00825394055945139	0	0.0434204575005967	0	0	0	0	0.0582028475929709	0	0.781585292820805	0	0	0	0	0	0.0200126365719693	0	0.0101573901854686	0	0	0.139248878131262	1.10925608274904
TCGA.AB.2888.03B.01T.0748.13	0.0192235236659781	0	0.0140654858126131	0.0125942979102156	0	0.134264404596249	0.00911068477383416	0	0	0	0.0235332197006443	0	0.724748417717616	0.00291727493889483	0	0	0	0	0.0144188579492286	0	0.0448875666951109	0.0002362662396152	0	0.639836021531211	0.769932878843052
TCGA.AB.2820.03A.01T.0735.13	0.363935218742318	0	0.0016947212765027	0.035695255878858	0.0462466185656951	0	0.0815105027956809	0	0	0	0.20962536109033	0.0189039305200455	0.0625650110636986	0.00192321808308405	0	0.015969809477316	0	0	0.0991278620218856	0	0.062802490484586	0	0	0.356729669164935	0.9469422921229
TCGA.AB.2927.03A.01T.0740.13	0.163324273468712	0	0.0688083594093721	0.0758854612688847	0	0.167591923876773	0.0204095652680018	0	0.000321267711565272	0	0.0615250439574908	0	0.242695760373502	0	0	0.0444887627243186	0	0	0.0636652555368553	0	0.0912843264045238	0	0	0.487863344891128	0.874905374804834
TCGA.AB.2995.03A.01T.0735.13	0.162988793209473	0	0.126790129546462	0.171411228936122	0	0.341709893635981	0	0	0.012098492380335	0	0.118735747251782	0	0.0176052971308868	0	0	0.0156363074205047	0	0.00517818992252853	0.014369840231609	0	0.0134760803343151	0	0	0.40264922200883	0.928156141667383
TCGA.AB.2862.03A.01T.0736.13	0.0983420981289597	0.0364843129019745	0.0368362793480515	0.105335347528047	0	0.243499412899342	0.00753052577209952	0.013507745723721	0.00681742103959214	0	0.0807995716219595	0	0.0548265889481273	0	0	0.0232283478802413	0	0	0.193200174493964	0	0.0995921737139208	0	0	0.184436393281861	1.01328902583596
TCGA.AB.2883.03A.01T.0734.13	0.1825129713406	0	0.200989395854499	0.0185272094219762	0	0.0807831740714109	0.00912483028758449	0	0	0	0.0378705771003613	0	0.284842273222726	0	0	0.168670308533556	0	0	0.0166792601672859	0	0	0	0	0.223896701198771	1.01887352503439
TCGA.AB.2973.03A.01T.0734.13	0.0561386101309124	0	0.0144935455872007	0.0254278238552369	0	0.0669768773695489	0.0170723495837415	0	0.000264567580857842	0	0.0180266520400251	0	0.749860661646974	0.00369970244981818	0	0.0104462352547798	0	0	0.0357028352018673	0	0.00189013929903704	0	0	0.685410104522663	0.732170831259117
TCGA.AB.2823.03A.01T.0736.13	0.0211852005964146	0.00366299159713296	0	0.10459581035366	0	0.0734209184679598	0	0	0	0	0.041127664921478	0	0.108225453494677	0	0	0.051124549414964	0	0	0.481883047396109	0	0.114774363757606	0	0	0.21826549750229	1.02250365678555
TCGA.AB.2924.03A.01T.0740.13	0.0285603427790757	0	0	0.0135780720141768	0.0262383942419885	0.0315245697516983	0.0205507847196565	0	0.0108758253477094	0	0.0376313299579323	0	0.648931836471353	0	0.000702048133209565	0.0550548811376815	0	0	0.0613339096712823	0	0.0597595226807998	0.00525848309343597	0	0.352623102446133	0.959443583241789
TCGA.AB.2916.03A.01T.0734.13	0.0131160706376115	0	0.00294469003144887	0.00652019224172915	0	0.100966743500922	0.0182498484246144	0	0	0	0.0418621423180696	0	0.713807113627139	0.00107801688701072	0	0.00415467939839531	0	0.000601358266427153	0.0395060557289513	0	0.00575043263382698	0.0514426563038532	0	0.84507266912763	0.581617906450875
TCGA.AB.2955.03A.01T.0734.13	0.00348055193187227	0.049593459802477	0.0017980908354341	0	0.0731079211255796	0.103244984629459	0.00531774096104846	0	0	0.364628093067434	0	0.0241565047056772	0	0	0	0.0270644711582865	0	0.00425998884471759	0.167885004916174	0	0.17546318802184	0	0	0.174368412194329	1.04071287326137
TCGA.AB.2980.03A.01T.0734.13	0.108473334952039	0	0	0.0873629597154758	0	0.338838142600891	0.0149370093636331	0.0148861905547905	0.00994463692316249	0	0.0808285621476462	0	0.0240359896200428	0	0	0.0300499352257369	0	0.000798157722809667	0.223809018732405	0	0.0660360624413677	0	0	0.249801840668084	0.990893623279008
TCGA.AB.2841.03B.01T.0760.13	0.0640989166855439	0	0.0110453317402857	0.0594263208582007	0	0.115894403750848	0	0	0.00596706416501616	0	0.14445304183164	0	0.180739013777838	0	0	0	0	0	0.418375907190627	0	0	0	0	0.201944016942178	1.02240658805373
TCGA.AB.2920.03B.01T.0760.13	0.285094317017185	0	0.17930498507408	0.101897564782951	0.00138980422849233	0.0552677084044001	0.0107047577999207	0	0.0183926962550975	0	0.0109011164203876	0.00746182061646107	0.0958433426188277	0.00103583521433467	0.000264902529894732	0.0162871585813639	0	0	0.0907081394774248	0	0.125445850979179	0	0	0.452529192671336	0.896232128985466
TCGA.AB.2898.03A.01T.0735.13	0.141312653709441	0	0.0684341358588109	0.0649025220657457	0	0.068109774792306	0	0	0.0112522454214493	0	0.0676204110104431	0	0.350661290796829	0	0	0	0	0.000378272457333758	0.0241655535389143	0	0.0868727345634996	0.116290405785227	0	0.230861739354609	1.00527303417877
TCGA.AB.2851.03A.01T.0736.13	0.0793347898299138	0	0.018089687115948	0.0241041040526061	0	0.0127181362356895	0	0	0.000202667189831523	0	0.0317342100920064	0	0.718134615671197	0	0	0.0317113796130828	0	3.16390595598768e-05	0.0201298235924476	0	0.0638089475477171	0	0	0.656861469337612	0.755722209978936
TCGA.AB.2938.03A.01T.0736.13	0.0832029842149131	0	0.0649799048666533	0.151828026576371	0	0.245847816045282	0	0.011096136013586	0.0482961840682532	0	0.0168892805210455	0.0112515743646853	0.179464016337677	0	0.00939086532972453	0.0449908842231697	0	0.000394339146329252	0.130749673733345	0	0.00161831455896607	0	0	0.238583845894598	0.990006745949712
TCGA.AB.2941.03A.01T.0740.13	0.141534106728614	0	0.000529484157450739	0	0.0108112672397163	0.201544117798704	0	0	0	0	0.0800798529441828	0	0.141382624427148	9.7769110500234e-05	0	0	0	0.00105949715442886	0.33896563382416	0.00430735114420822	0.0610432993383249	0.0186449961325628	0	0.227317462224285	0.998620413115833
TCGA.AB.2836.03A.01T.0736.13	0.0460552422428438	0	0	0.0264143927104888	0.000408865876513385	0.0318759085673096	0	0	0.0138706206653098	0	0.0297129848868089	0	0.642908540302571	0	0.000997250176967859	0.0393493681142777	0	0	0.0732679210500945	0	0.0750211985934809	0.0201177068133336	0	0.520538577076265	0.855344616632588
TCGA.AB.3008.03A.01T.0736.13	0.209419238214821	0.161376938422654	0.0879437822679586	0	0	0.125146021830449	0	0	0	0.181270774572972	0.0239471877830132	0	0.0498776596009787	0	0	0.0743384300861645	0	0.00221882598239114	0.0337359872956173	0	0.0507251539429816	0	0	0.416470147746806	0.916184937381775
TCGA.AB.2971.03A.01T.0734.13	0.0574097706535265	0	0.00572530546143587	0.024320768652399	0	0.168425557668156	0.0161444482276952	0	0	0	0.0369519339501599	0	0.587911678094575	0	0	0.0360730214368849	0	0	0.0431301475809388	0	0.0239073682742286	0	0	0.26499542077207	0.997227508982156
TCGA.AB.2819.03A.01T.0734.13	0.142665793420662	0.0747950547495156	0	0.0525148638667847	0	0.254007090081843	0	0	0	0	0.00741156927977743	0	0.157251579182544	0	0	0.0636752395610305	0	0.00217632147822431	0.245502488379619	0	0	0	0	0.179529776104727	1.01496348142232
TCGA.AB.2845.03B.01T.0748.13	0.15219896437882	0	0.11097556076311	0.0276347312210726	0	0.0632867734179103	0.0363113019110146	0	0	0.020744844568614	0.0104359631680214	0	0.243120095604408	0	0	0.146887696013079	0	0.000115310522153368	0.093253614725178	0	0.0950351437066184	0	0	0.460262360084179	0.88800166843251
TCGA.AB.2808.03A.01T.0734.13	0.0800320482726386	0	0.038854176625897	0.0130035494694794	0.0131360929711625	0.0221411809986245	0.00861565150806554	0	0	0	0.0374961585515579	0	0.347720216937967	0.0168983595362189	0	0.0238171889898953	0	0	0.151582339127708	0	0.177388294921411	0.0693147420893753	0	0.356637501648487	0.940061220774792
TCGA.AB.3012.03A.01T.0736.13	0.0581701639620662	0	0.0545894668094974	0.0183407424628817	0	0.128040590432229	0	0	0	0	0.0404078208046316	0	0.0480926522450944	0	0	0.0054938440542258	0	0.00272980957268454	0.584510721436502	0.0175354160928665	0.0420887721273209	0	0	0.284892513184285	1.01016300226944
TCGA.AB.2834.03A.01T.0734.13	0	0.0238581697617936	0.01003251649033	0.0110041838952262	0.02411221633723	0.0186277659894988	0.00586813752458671	0	0.0103917462160985	0	0.0518948250857075	0	0.606941833205925	0.00177735267895189	0.000969914930664656	0.0154391043374396	0	0	0.102954244838635	0	0.0614151202223286	0.0547128684855839	0	0.302498827127944	0.987481424308082
TCGA.AB.2988.03B.01T.0748.13	0.193796797618789	0	0.0346557908327	0.0243163175907396	0	0.0884551829200903	0	0	0.00450372824575777	0	0.0575800918537425	0	0.244548410022943	0.00177574112946453	0	0.0111163013841332	0	0	0.0693674047896018	0	0.269884233612038	0	0	0.233762594851856	0.994906536112182
TCGA.AB.2835.03A.01T.0736.13	0.0650710525326497	0	0.016630876137252	0.0130972289643082	0	0.0156093127700519	0.000796532450699446	0	0.00418318527534073	0	0.0229328331634	0	0.719612673713691	0	0	0.0652237146994312	0	0	0.044154942253124	0	0.0326876480400518	0	0	0.268809509219696	1.02194689668976
TCGA.AB.2805.03A.01T.0734.13	0.0123493434008388	0.00357894667120504	0.00841184518744568	0	0.00197657552906714	0.017143154675914	0.00430833300937095	0	0.00075177925585677	0.00459186237034991	0.010683059036736	0	0.89690660794694	0	0	0.00188292098692815	0	0.000919148100943534	0.0332977309936773	0	0.00319869283472652	0	0	0.743667661518971	0.670208967309079
TCGA.AB.2866.03A.01T.0736.13	0.0190041684892389	0	0	0.0820848065844636	0	0.0796033359828478	0.00307782719170193	0	0.00144754498016493	0	0.0430564551338582	0	0.617510759490056	0	0	0.108011415738683	0	0	0.0373496567495133	0	0.00885402965947244	0	0	0.304144135252895	0.983154530526901
TCGA.AB.2844.03A.01T.0736.13	0.000615880335932038	0.0378973126194819	0.0194122833482516	0.00874170642486772	0.0282406130356396	0.0198974712092819	0.0141337193218549	0	0	0.00724967290186526	0.0225681945468018	0	0.616399114403135	0	0	0.0564903852599652	0	0	0.0925890306375718	0	0.0757646159553513	0	0	0.182309899274723	1.04807945079675
TCGA.AB.2910.03A.01T.0740.13	0.109451640820251	0	0.00549987164474573	0.0222247604360033	0	0.0548838219678944	0	0	0	0	0.0375696331108632	0	0.567307056691456	0	0	0.16870310598363	0	0	0.0343601093451565	0	0	0	0.02	0.134487525600568	1.06764053959639
TCGA.AB.2840.03A.01T.0734.13	0.123134944640122	0	0.125838844004203	0.0287907037369215	0	0.153865717818277	0.0142495530642501	0	0	0	0.0434412976936713	0	0.0746817976305491	0	0	0.0367309181768606	0	0	0.296650989963644	0	0.102615233271501	0	0	0.185549669390968	1.01751704374324
TCGA.AB.2830.03A.01T.0736.13	0.194164080464201	0.0163437619303106	0.0285468993250797	0.106120987729395	0	0.282785713118141	0.014491077189137	0	0	0	0.0428472944516877	0.0186194009926531	0.154852878287442	0	0	0.0837112791667257	0	0	0.0419532533810886	0	0.0155633739641391	0	0	0.293296265669421	0.968181849493694
TCGA.AB.2915.03A.01T.0740.13	0.0609838453813862	0	0.0224149584978014	0.120387125837108	0	0	0.0178280895662055	0	0.0111387273988997	0	0.0304148065799235	0	0.519468092471681	0.0302756183711267	0	0	0	0	0.0543202471858786	0	0.071813686147662	0.0609548025623272	0	0.523391154291306	0.851698404955956
TCGA.AB.2965.03A.01T.0734.13	0.030788877385087	0	7.54555358570635e-05	0	0	0.0325003259853607	0.0154321466265072	0	0	0.00615051727331994	0.0139195463089737	0	0.562538166520512	0	0.000581370730361055	0.0700427149538698	0	0	0.100366050804618	0	0.167604827875533	0	0	0.260895460442835	1.00486070519974
TCGA.AB.2935.03A.01T.0740.13	0.00367441292485572	0.00657724140257251	0.0707541286688113	0.123660151643497	0	0.126046852243982	0.0151716288131174	0	0	0	0.0770997051752024	0.00205015860239914	0.289658307107816	0	0.00203665119549175	0.0253333351517344	0	0	0.118284365788923	0	0.139653061281598	0	0	0.251805081737152	0.980401283801546
TCGA.AB.3000.03A.01T.0736.13	0.0314255307192767	0.212078383650455	0	0.00619789108082426	0	0.0763503128191245	0	0	0	0	0.120088587245911	0	0.292461093448013	0	0	0.0875059871180469	0	0	0.125869865603791	0.013077579679811	0.0349447686347464	0	0	0.315020542315805	0.954793443454859
TCGA.AB.2917.03A.01T.0734.13	0.0660851500990338	0	0.0234681630003453	0.0280155438880222	0	0.130872829355343	0.00664974043203228	0	0	0	0.0361633391923819	0	0.314011457826635	0	0	0	0	0	0.217346480212311	0	0.145055417208705	0.0323318787851894	0	0.387805661151977	0.922681353408058
TCGA.AB.2937.03A.01T.0734.13	0.300873476564325	0	0	0.0913821961237613	0	0.180297834390601	0	0	0.00328497563285604	0	0.0896594745296356	0	0.107440206831563	0	0	0.0434202992127235	0	0	0.107999256810622	0.0180289878761226	0.0576132920277903	0	0	0.293448669010984	0.96968771372568
TCGA.AB.3011.03A.01T.0736.13	0.235050917922664	0	0.134978863311787	0.0348101847362082	0	0.151705672250209	0.000482458877357511	0	0.000912037961930585	0	0.0198067852158102	0	0.101845377589092	0	0	0.0640127359903661	0	0.00149516007483268	0.153546060982855	0	0.101353745086887	0	0	0.296490143660871	0.970911103598725
TCGA.AB.2863.03A.01T.0734.13	0.183874286828747	0	0.0786012162430849	0.0104664093614054	0	0.167433283578466	0.00527225570313937	0	0.00118316201927671	0	0.0455878888636916	0	0.320333767375347	0.0163544664924934	0	0	0	0.00826943073670243	0.0988067845366858	0	0.0638170482609603	0	0	0.272550867753554	0.97585007930713
TCGA.AB.2858.03A.01T.0736.13	0.0785450695161635	0	0.0331916844426063	0.0350255353715031	0	0.137985063232369	0	0	0.00553329118332694	0	0.0209861112002465	0	0.029368921715996	0	0	0.00871143890948542	0	5.81490433421795e-05	0.563776974595944	0	0.0868177607890168	0	0	0.437610835249455	0.910576549859981
TCGA.AB.2901.03A.01T.0735.13	0.043876475255348	0	0.0143530134523253	0.0419849303216931	0	0.0891128496190867	0	0	0	0	0.0238572753807745	0	0.0480459248027365	0	0	0	0	0	0.670168608468506	0	0.0686009226995302	0	0	0.613895183268039	0.791575617436978
TCGA.AB.2911.03A.01T.0734.13	0.0528820402762006	0	0	0.0265974968578949	0	0.0700378581453841	0	0	0.0041487434547406	0	0.0235074685592538	0	0.69692554213569	0	0	0.00516058762470214	0.00110907912532131	0	0.0732181772102962	0	0.0464130066105164	0	0	0.61460054558783	0.789746787084042
TCGA.AB.2908.03A.01T.0740.13	0.174324669006314	0	0.191404132082263	0.12624623258862	0	0.207754749095987	0.00894225451151585	0	0	0	0.0315059558093118	0	0.166946537587139	0	0	0	0	0	0.0721768549214036	0	0.018735533203574	0.00196308119387234	0	0.521888781230941	0.852315470121248
TCGA.AB.2896.03B.01T.0751.13	0.0597133520417224	0	0.00244727152312666	0.0371490737522438	0	0.0888352349671567	0.00815588182945514	0	0	0	0.0233013668544516	0	0.234902549253838	0	0	0.0571193099665532	0	0	0.225426362467935	0	0.262949597343518	0	0	0.370441973421676	0.931304719551416
TCGA.AB.2813.03A.01T.0736.13	0.0654306174302492	0	0.0862833014592247	0.0229747563676018	0	0.012104728220936	0.00478174607349442	0	0	0	0.0204721583109657	0	0.733549619154334	0	0	0.0113734079369868	0	0.000643429520786088	0.0103811258079624	0	0.0124659732847409	0.0195391364327183	0	0.444965103281026	0.913853177652207
TCGA.AB.2956.03A.01T.0740.13	0.124398127335659	0	0	0.0471885900450168	0	0.00904490343936859	0.00214507315333608	0	0	0	0.0269350701173935	0	0.706858995266862	0	0	0.0247416122438381	0	0	0.0357125546778768	0	0.022975073720649	0	0	0.226600477656173	1.04272290362975
TCGA.AB.3001.03A.01T.0736.13	0.179857970076175	0	0.0528825732755457	0.202839454718141	0	0.108680209094067	0	0	0.00496944377511184	0	0.064918726829671	0.000208785308860815	0.219920637618773	0	0	0.00547527072380976	0	0.0105438904960455	0.140525683988455	0	0.00917735409534348	0	0	0.251895041478097	0.985728569257204
TCGA.AB.2880.03A.01T.0735.13	0.026500262127379	0.0515303975682795	0	0	0.000896882087727676	0.0397800013633608	0.00326939593370914	0	0	0.0202282550062229	0.0496473677372567	0	0.608334473903903	0	0	0.0912464204298714	0	0	0.0840892888575258	0	0.0244772549847641	0	0	0.325101745182418	0.970395689409869
TCGA.AB.2856.03A.01T.0736.13	0.138954437230761	0	0.0543494668854172	0.0211991898261263	0.0341995713134341	0.0168339110570727	0.0140941059641276	0	0.0198389721167538	0	0.0288727841155729	0	0.528443957223148	0	0.000292691108356587	0.0571697068748248	0	0	0.0605332876247941	0	0.0252179186596102	0	0	0.351065137644607	0.948270604585025
TCGA.AB.2932.03A.01T.0740.13	0.000755748334655152	0.0121004785018085	0.000485059407565967	0.00664602969293365	0.00463612276572715	0.0174889501373239	0	0	0	0	0.00941678152902697	0.00911492570037309	0.80821559035035	0	0	0.0463369507229379	0	0	0.0552314044179997	0	0.0295719584392977	0	0	0.408952394721547	0.948889670101601
TCGA.AB.2818.03A.01T.0734.13	0.0451289679926128	0	0	0.00548085741469916	0.026274006178744	0.0116647666173917	0.0131506086773548	0	0	0	0.0662558018904396	0	0.443656291205557	0	3.40256682045726e-05	0	0	0	0.0417084461030892	0	0.185905126750516	0.160741101501391	0	0.392064898746201	0.93528659872461
TCGA.AB.2942.03A.01T.0734.13	0.0386717183890496	0.0170879893826636	0.00810374018532572	0.027065169223623	0	0.146153470555165	0	0	0.0118230676033198	0	0.0301377241576587	0	0.492118988535516	0	0.00244029796199969	0.0473841450510087	0.00144221132132252	0	0.141619668927501	0	0.0359518087058464	0	0	0.446017979050188	0.895412153435593
TCGA.AB.2979.03B.01T.0760.13	0.0777260727173288	0.170732610996062	0.0426897396574506	0.0785007153107708	0.0168789223324712	0.0398497201145941	0	0	0.0123929877748735	0	0.100748364577152	0	0.216654288296511	0	0.000307059044711135	0.0819944534010195	0	0	0.0871214891885085	0.0541980304194652	0.0202055461690822	0	0	0.280568528774548	0.970599963022884
TCGA.AB.2939.03A.01T.0740.13	0.0913287259320407	0.0452965629446658	0.0109575992411259	0.0198009918834922	0	0.0548611058004548	0	0	0	0	0.10177448994464	0	0.185163436170462	0	0	0.0154318692068148	0	0	0.160094878430545	0	0.315290340445759	0	0	0.369193097531576	0.931633398559939
TCGA.AB.2847.03A.01T.0736.13	0.0966938512897833	0	0.16562828981611	0.133723524704422	0	0.108130143723785	0	0.00646953813973763	0.00618128754211625	0	0.0724056717452018	0.0273820142860775	0.07708306065723	0	0	0.0272570146720881	0	0	0.232164989562034	0	0.0468806138614149	0	0	0.512416002252321	0.85915999776436
TCGA.AB.2894.03A.01T.0734.13	0.0751478593616763	0.0285074680877749	0	0.108915125379238	0	0.0541732931640139	0	0	0	0.00707884012354993	0.039270049753211	0.0346081176936483	0.194202947049616	0	0.000774141444509984	0.288971814494849	0	0	0.067767380629513	0	0.1005829628184	0	0	0.270658763826788	0.971380953157668
TCGA.AB.2815.03A.01T.0734.13	0.0431059720016664	0	0.00591621968455982	0	0.00742898953245728	0.0160210248281012	0.00789049240073139	0	0.0011340492289002	0	0.0318006389385539	0	0.660980774564733	0	0	0.0982877615424296	0	0	0.0802574155246894	0	0.0471766617531774	0	0	0.406648161379229	0.930054694348439
TCGA.AB.2931.03A.01T.0740.13	0.0430081606766501	0.0136294381689424	0	0.0481734691193325	0	0.0414100582597649	0	0	0.0218210549728895	0	0.0211456607747874	0.0225551793498351	0.0535046608479902	0	0	0.0412342616759531	0	0	0.358495144328087	0	0.335022911825768	0	0	0.344926622328266	0.951519718270425
TCGA.AB.2983.03A.01T.0734.13	0.114879656900103	0.0859576338178779	0.00733264376117539	0.027409391152215	0	0.106792563576095	0.0557218273423544	0	0	0	0.0307562902521953	0	0.286266449339109	0	0	0.137582914707616	0	0	0.0725623467705478	0	0.074738282380711	0	0	0.419943094402703	0.90735748542514
TCGA.AB.2925.03A.01T.0735.13	0.0555770410432581	0	0.000818951212248503	0	0	0.0367280720773357	0	0	0	0	0.0113221650197125	0	0.736128966789918	0	0	0.0620242650578483	0	0	0.0711850930439797	0	0.0262154457556993	0	0	0.172803359595643	1.08222243358271
TCGA.AB.2857.03A.01T.0736.13	0.226269145875852	0	0.0562769584656707	0.0592757216270072	0	0.234755422351519	0	0.0107362305925112	0	0	0.0463720223506631	0.00463154327331049	0.0434582722329511	0	0	0.00284371737663203	0	0.000379297239770598	0.161792972467677	0	0.134511322864115	0.0186973732823198	0	0.513068845845571	0.859627793040684
TCGA.AB.2825.03A.01T.0736.13	0.0106746211499353	0.0150247560772513	0	0.00627414908032806	0	0.0375499698505714	0.00840056709111889	0	0.00785893862750588	0	0.0342969334945011	0	0.713414518907569	0.00893364582811707	0	0.0393741998389198	0	0	0.0569639421546861	0	0.0612337578994964	0	0	0.570561178455382	0.82241362689597
TCGA.AB.2861.03A.01T.0736.13	0.12958088647557	0	0.0442200668228416	0.0232454189783377	0	0.0722761723147091	0.00871472755332307	0	0	0	0.0725061104295956	0	0.453712376137368	0	0	0.176446375097446	0	0.00451730348297374	0.0100341006102606	0	0.00474646209757446	0	0	0.142354257296654	1.04515002796057
TCGA.AB.2810.03A.01T.0736.13	0.0811425189498756	0	0.00624086877176541	0.096752460469024	0	0	0.00804853794550818	0	0.0138275273526313	0	0.0377477167736132	0.00706261717401158	0.180068899581206	0.0367355767018239	0.00315292131191756	0.0209196785294296	0	0	0.320190078755612	0	0.142918875127428	0.0451917225561531	0	0.306323974605701	0.96157204222487
TCGA.AB.2950.03A.01T.0735.13	0.202968741427518	0	0.0918698809653259	0.0611145851075924	0	0.149530680759079	0.00321220853934885	0	0	0	0.0597680141357685	0	0.0826351418082161	0	0	0.0404684860951642	0	0	0.229998980794571	0.00111407076277545	0.0773192096046404	0	0	0.180336112828377	1.01870145748838
TCGA.AB.2987.03A.01T.0734.13	0.0372061738133596	0	0.0118577215238085	0.0512783520241195	0	0.206348490031911	0.0352367640839654	0	0	0.0155985058696914	0.0339098001899397	0	0.509311109065294	0	0.00806599494603433	0.0415694035524539	0	0	0.0197181750574114	0	0.0246152096273788	0.00528430021463219	0	0.658520968440499	0.77144045135271
TCGA.AB.2984.03A.01T.0734.13	0.157457345361542	0	0.0815950049898191	0.0470236664211032	0	0.180655558834252	0	0.0105172565273979	0	0	0	0.11830224054333	0.0166031343840799	0	0	0.0374483237529939	0	0	0.309735261436161	0	0.0406622077493219	0	0	0.198108578969573	1.01946385465146
TCGA.AB.2977.03B.01T.0760.13	0.0549757901104546	0.00100619972602302	0	0.0568000240198201	0	0.0991582485731952	0	0	0.0636520332039532	0	0.017873592785096	0	0.613303831014741	0	0	0.0220265743979047	0	0.0104995710352666	0.0339580193213133	0	0.026746115812232	0	0	0.364116599512834	0.946695593558197
TCGA.AB.2919.03A.01T.0740.13	0.100047573265682	0	0.198846880929657	0.0822202911938807	0.0529803083214044	0.140367823170759	0	0	0.0130903026046262	0	0.0324494368767397	0.00582363686713229	0.0141041242092012	0	0	0.019101663492006	0	0.00957805502916695	0.315544941176565	0.00409445625694267	0.0117505066062367	0	0	0.300773866856046	0.977391772315923
TCGA.AB.2826.03A.01T.0734.13	0.00551802084712806	0.0119911779863603	0	0.0130499614656448	0.0174776246715842	0.00459845629843592	0.0239532814757491	0	0.0076041480613148	0	0.0496333557241446	0	0.596231383535371	0	0.00111409134845799	0.0213185477754333	0	0	0.0583470781016238	0	0.162277845756862	0.0268850269518903	0	0.342576085894454	0.964329211654927
TCGA.AB.2886.03A.01T.0735.13	0.269120417869333	0.00254165398312537	0.0199568726194807	0.0910179697955807	0.000404324570771838	0.092122029404699	0.00584962057024451	0	0.000796783054549512	0	0.0648411290410159	0	0.0179762241071196	0	0	0.0134328942270494	0	0	0.268818686065086	0	0.153121394691945	0	0	0.137058959105645	1.04578292147236
TCGA.AB.2966.03A.01T.0734.13	0.214582721057223	0.00273853852943603	0.098436809901009	0.127238936728465	0.0429585748470897	0.354391684453415	0.00352953493034926	0	0	0.0360574232067675	0.0307628559715714	0	0	0	0	0.0134382235812096	0	0	0.0440570715134192	0	0.0318076252800454	0	0	0.351028514923213	0.956788134283779
TCGA.AB.2948.03A.01T.0740.13	0.00749009129978356	0.00949314388136309	0.00766915740160602	0.00502733302995648	0	0.0541441172792714	0.00439522535794369	0	0.00169350235227486	0	0.0225578093556838	0	0.859285316142322	0	0	0	0	0	0.0282443038997955	0	0	0	0	0.62339732269306	0.785328003160799
TCGA.AB.2871.03A.01T.0735.13	0.162725073761476	0	0.0583252777892934	0.220531003888259	0	0.254177831984226	0.00887094056046168	0	0.0191755185362976	0	0.145678763613341	0	0.0203990154848119	0	0	0.00371993164224882	0	0	0.0248639261230039	0	0.081532716616581	0	0	0.42899058862294	0.908752632011801
TCGA.AB.2999.03B.01T.0748.13	0.0551313647501862	0	0.0202118016835035	0.0553486093625365	0	0.22364109794891	0	0	0	0	0.0557345108022803	0	0.0223789008051832	0	0	0	0	0	0.432162627810337	0.00619533503113345	0.129195751805931	0	0	0.277566781192332	0.988160592792749
TCGA.AB.2970.03A.01T.0734.13	0.118122838347957	0	0.114668439135791	0.0165543258942516	0	0.100587990159747	0.0240427827335044	0	0	0	0.0274074294686015	0	0.36332099222026	0	0	0.140941130844359	0	0	0.052072652473466	0	0.0422814187220613	0	0	0.488739890417714	0.872994275353975
TCGA.AB.2874.03A.01T.0735.13	0.0888600389257533	0	0.0202999496986237	0.0188899500345875	0	0.081938846514964	0	0	0.0063372922086095	0	0.0711593859594009	0	0.321217490118124	0.00254731827695937	0	0.0264050052394239	0	0	0.212950283175421	0	0.149394439848133	0	0	0.218461367837688	0.998108039102328
TCGA.AB.2976.03A.01T.0734.13	0.121279649952046	0	0.0447526247856979	0.00810454338131335	0	0.101756637434534	0.0134668672739071	0	0	0	0.0409801335783639	0	0.0551548811411929	0	0	0.0421427649696552	0	0	0.115977871305318	0	0.456384026177972	0	0	0.17834881186788	1.02905272876498
TCGA.AB.2918.03A.01T.0740.13	0.0804712002631161	0.0343318438796284	0.0341736629163825	0	0	0.0622211640368373	0.020293215073225	0	0	0	0.0304140341968897	0	0.267331670297186	0	0.00265287711475846	0.0618931103154191	0	0	0.118820726712639	0	0.287396495193918	0	0	0.30896569162706	0.95962241781543
TCGA.AB.3007.03A.01T.0736.13	0.0985961536951829	0	0.0431366026257158	0.181945032970572	0.0524147301148895	0.0487615129140633	0.0095295755986569	0	0	0	0.00450447901011572	0.0166870754711304	0.18855186147611	0	0	0	0	0.0133074503032401	0.287008620871949	0	0.0555569049483742	0	0.02	0.129865048023819	1.03571104079498
TCGA.AB.2959.03A.01T.0734.13	0.260012447242483	0	0.0712334925513044	0.0515632889882046	0	0.329760296567654	0.019810945574384	0	0	0.00623969904125242	0.0522319136640466	0	0.119663197621543	0	0	0.0278948641321015	0	0.0019644543482838	0.0294990916753805	0	0.0301263085933628	0	0	0.389960257257509	0.925813953099159
TCGA.AB.2846.03A.01T.0736.13	0.0733353684101205	0	0.024212031325096	0	0	0.0446277834192146	0.00282964430059225	0	0.00172438930165691	0	0.0458170424165084	0	0.645816496896515	0	0	0.00859326973318053	0	0	0.0933841314208132	0	0.0596598427763029	0	0	0.300362279996261	0.987810771593887
TCGA.AB.2839.03A.01T.0734.13	0	0.0515808640770917	0.0303451695909957	0.00605878558910438	0	0.116507580308037	0	0	0	0	0.056014615112983	0	0.0464061279714168	0	0	0.0205324248554493	0	0	0.395295900111696	0	0.277258532383226	0	0	0.297077869110851	0.975961589395761
TCGA.AB.2891.03A.01T.0735.13	0.164873685151688	0	0.146302600474531	0.0025380888081165	0	0.0926642963739817	0.0145419540740086	0	0	0	0.0578991875595126	0	0.395187126816849	0	0	0.0425339744473565	0	0	0.00727702003052956	0	0.0761820662634259	0	0	0.514613057117685	0.857012252229315
TCGA.AB.2869.03A.01T.0735.13	0.0977241308020858	0	0.171919399948488	0.0356985888713557	0	0.147039493609448	0	0	0.0240225891380603	0	0.0881328761884585	0.0201771823403907	0.0215566185963364	0	0	0.0228429766799287	0	0	0.148801172162593	0	0.222084971662855	0	0	0.281094830666997	0.976523211136449
TCGA.AB.2843.03A.01T.0736.13	0.146929996716126	0	0.0878637584094024	0.0515314992568489	0	0.0864908916152669	0.0101395921449833	0	0.00979995114045453	0	0.0646328147191301	0.00255243183899771	0.301721886492607	0	0	0.110486960320585	0	0	0.0826494879211622	0	0.0452007294244351	0	0	0.469326173552502	0.883593219833898
TCGA.AB.2996.03A.01T.0735.13	0.0778868505606488	0	0.103239244285071	0.010438339321499	0	0.14137337640643	0.0147694481996719	0	0.0184271397969059	0	0.0256151896542774	0	0.310061762173416	0	0.000468383091661683	0.0249323623189645	0	0	0.261490834790131	0	0.0112970694013239	0	0	0.420637811189204	0.907317276972725
TCGA.AB.2875.03A.01T.0735.13	0.161929019678145	0	0.0139495888682314	0.108307999785135	0	0.13151490704317	0.00203638425674425	0	0	0	0.0966202994130568	0	0.0637088572431753	0	0	0.0191359376610659	0	0	0.332837021736095	0	0.0699599843151813	0	0	0.166062389949974	1.02854407906146
TCGA.AB.2963.03A.01T.0734.13	0.0381879577879776	0	0.00427410183077677	0	0.00284208126824373	0.0736131801837951	0.0169611823117067	0	0.00697105283612303	0	0.0455010844660968	0	0.358448350788651	0	0.00129404313647221	0.0332013284040146	0	0	0.221651869614732	0	0.136080133141337	0.0609736342300746	0	0.192394250008541	1.01846849701536
TCGA.AB.2885.03A.01T.0735.13	0.146905387325615	0	0.0537374501225521	0.181275968789943	0	0.23973930804156	0	0	0	0	0.0913811972216632	0	0.0307168496271974	0	0	0.00964842691905129	0	0	0.168843770650471	0	0.0777516413019475	0	0	0.218539597533426	1.00706392720518
TCGA.AB.2928.03A.01T.0740.13	0.297974752270315	0	0.033911854931395	0.0792369464405595	0	0.271495204544171	0	0	0	0	0.0540416863641273	0.0639833183052156	0.0249600618056442	0	0	0.00765227701656861	0	0	0.0699091187844173	0	0.0968347795375862	0	0	0.182132973317231	1.03656220707101
TCGA.AB.2876.03A.01T.0734.13	0.0181363026860834	0.0201491072979331	0	0.0239362717810484	0	0.0771248142463413	0.000258634669045833	0	0	0	0.0390203767504224	0	0.119519593766404	0	0	0.0132758816849912	0	0.00223711287356511	0.421594442308422	0	0.264747461935744	0	0	0.405096730027893	0.921385770447099
TCGA.AB.2873.03A.01T.0735.13	0.0572059413512384	0	0.0278395291051196	0.0334574395645655	0	0.0427270355981047	0.0104562296125787	0	0	0	0.0302897559254227	0	0.733976176527314	0	0	0.0119910717425716	0	0.00126974904879974	0.0341251056757309	0	0.0117460667735579	0.00491589907499664	0	0.468391693803263	0.894539666796399
TCGA.AB.2806.03A.01T.0734.13	0.206938431937253	0	0.0597815801773198	0.0181542182054676	0	0.161783833901568	0.00248313382857278	0	0	0.00167594056635022	0	0	0.0565903814993269	0	0	0.0420732876018854	0	0.00110645335270665	0.24468747363675	0	0.198747774588069	0.00597749070473134	0	0.25946395202778	0.984053883732513
TCGA.AB.2921.03A.01T.0740.13	0.045150807737715	0.079066302990051	0.0091259793479845	0.0317642642398036	0.0669606108735436	0	0.0250586976522753	0	0.00970527787910718	0	0.0713622115627559	0	0.478494254131139	0	0.000229842820527909	0.0541895103967896	0	0	0.0677801937057472	0	0.0611120466625603	0	0	0.250426154001892	0.991500967481698
TCGA.AB.2877.03A.01T.0735.13	0.120689794826777	0	0.0601105663048499	0.0791808368728039	0	0.244061753974647	0.0129860248018508	0	0	0	0.087488000386474	0	0.00652368087445394	0	0	0.0150545001262764	0	0.0027233185798737	0.297257719816187	0	0.073923803435806	0	0	0.168616218547666	1.02757651017821
TCGA.AB.2949.03B.01T.0748.13	0.197149338519136	0	0.0348893397908233	0.00724917014076096	0	0.111873695179423	0	0	0	0	0.0917795840169229	0	0.437740196163282	0	0	0.00981491540928066	0	0	0.038338613562118	0	0.0711651472182532	0	0	0.426006503178405	0.905571055185589
TCGA.AB.2897.03A.01T.0735.13	0.081644148850784	0	0.00903328810214882	0.0775314848229324	0.018184812000257	0.0883914536578043	0	0	0	0	0.0513842662951242	0.0217069468085043	0.141963060027718	0	0	0	0	0	0.457692335635135	0	0.0524682037995923	0	0	0.207205259917123	1.02321824342815
TCGA.AB.2884.03A.01T.0735.13	0.116665680411851	0	0.0217078034013304	0.0343940364086567	0	0.0567731654680603	0.0114246460576086	0	0	0	0.0387899586229808	0	0.416041977117361	0	0	0.0480293005906393	0	0	0.0730170368447283	0	0.183156395076783	0	0	0.318174917910861	0.95831959244277
TCGA.AB.2933.03A.01T.0734.13	0.156098188213822	0	0.0566894210683994	0.00484815314489227	0	0.048484445360445	0.0430672074428551	0	0.000609484193305811	0.000277313909764327	0.0282423533859081	0	0.563489937612441	0.00325671020720072	0	0.000775950128928483	0	0	0.0462643621233347	0	0.0335664999892542	0.0143299732194487	0	0.620283414308166	0.789613979876029
TCGA.AB.2881.03A.01T.0735.13	0.135945027619074	0	0.00984191377392154	0.065132447147412	0	0.151580716757221	0.00373235389575725	0	0	0	0.0795473923740309	0	0.396362957799055	0.000532967802248389	0	0	0	0.000183849801151585	0.118822980200052	0	0.0383173928300763	0	0	0.402449934920501	0.915809073682379
TCGA.AB.2929.03A.01T.0735.13	0.125286257738426	0	0.132653266071581	0.0235793956245737	0.0608883391110278	0.113086501725942	0.0163059055523216	0	0.028723800336376	0	0.0711174820764975	0.0472826402207953	0.19259000779428	0.00282172369746266	0	0.00191022938049983	0	0.000870014601313958	0.138387575456287	0	0.0366700639358915	0.00782679667672474	0	0.414682737520666	0.909608405748368
TCGA.AB.2895.03A.01T.0735.13	0.260117117804105	0	0.000488001609789615	0.00219426003017209	0	0.370128775677513	0	0	0.00306569692604517	0	0.0181909599229464	0.0029928418328524	0.0991825332504773	0	0	0.0206661988647927	0	0	0.0698217904606724	0	0.153151823620634	0	0	0.13685141904245	1.04177304374823
TCGA.AB.2853.03A.01T.0734.13	0.132897300427274	0	0.0646438295601121	0.0276786772706487	0	0.110172522774255	0.00453590660108212	0	0	0.00112265540769663	0.0695189305630327	0	0.281858068473189	0	0	0.0440209325231947	0	0.000793784344941435	0.0467254417378894	0	0.216031950316684	0	0	0.204607156030194	1.00397773598056
TCGA.AB.2934.03A.01T.0740.13	0.0651076498597004	0	0.00389037843514027	0.00788489307728749	0.0124709185851439	0.076732349955941	0.0114414835816901	0	0.00964929965816702	0	0.0311406272218253	0	0.704546889788386	0	0	0.011596996198502	0	0	0.0493394204862761	0	0.0044644737912193	0.0117346193607212	0	0.589599940414128	0.807931387645658
TCGA.AB.2992.03A.01T.0735.13	0.104999760463304	0	0.0414827077349638	0	0	0.0567760774547244	0.0118105919306249	0	0.00781229291672173	0.0142688621542715	0.0479151458034055	0	0.568448585074774	0.0695703731185986	0	0	0	0	0.0451467675519152	0	0.0317688357966964	0	0	0.372148668210815	0.939060963835495
TCGA.AB.2828.03A.01T.0734.13	0.0342144376816001	0	0.0229864776962871	0	0.00514667085091251	0.0176027995560436	0.00408507694132957	0	0	0.00542658393867169	0.00816124290881374	0	0.798579301118369	0	0	0.0386555354276845	0	0	0.0536543561293686	0	0.01148751775092	0	0	0.487178978422321	0.890043780133051
TCGA.AB.2913.03A.01T.0734.13	0.226875846567693	0	0.04650994989814	0.0950767581419354	0	0.243086721812009	0	0	0.0038716229262399	0	0.108160452762831	0	0.114788215845897	0	0	0.0181621395976299	0	0	0.000557125475429033	0.0292264174789015	0.113684749493293	0	0	0.185994752024621	1.02201306368381
TCGA.AB.2849.03A.01T.0734.13	0.136248664115974	0	0.302841999815692	0.0161214989969003	0.0904492646852973	0.0590942435155548	0.00316363051866284	0.0074281518463302	0.0291106878055999	0.13056895357915	0.0732951566496936	0	0.0793096011500221	0.00266173184114227	0.00107176568677705	0.00804168686533073	0	0.00136895166542451	0.00412802806475555	0.0304800864399517	0.0246158967577406	0	0	0.369359849278109	0.958966299458048
TCGA.AB.2975.03A.01T.0734.13	0.0305538689141593	0.0275952848481693	0.190438122023545	0.191138691563018	0	0.110736279693591	0	0	0	0	0.0660382708078884	0.0237360578014377	0.152149867942166	0	0	0.0102986135306335	0	0	0.133555032428259	0	0.063759910447132	0	0	0.313164215274564	0.961517040813806
TCGA.AB.2986.03A.01T.0734.13	0.0651361427698965	0.00380801658451455	0.0628536346218714	0.118116750419003	0	0.121751973309975	0.000442054839045406	0	0	0	0.00188207971344521	0.020071623009191	0.111189579811783	0	0	0.00988340052131743	0	0	0.100436684768069	0	0.358784194033252	0.0256438655986362	0	0.398416609158269	0.917931418165263
TCGA.AB.2930.03A.01T.0740.13	0.120050424470024	0.0197803555622153	0	0.0019075516930642	0	0.0522122157943627	0.0116845576776878	0	0	0.00692125827285939	0.0843455405185478	0	0.28208473712278	0	0	0.120439131946662	0	0	0.096139825187429	0	0.204434401754368	0	0	0.29129171055855	0.9652568111865
TCGA.AB.2889.03A.01T.0735.13	0.00708026428168913	0.0263250134372501	0.00555666716759331	0.0164429570413258	0	0.0723927150191685	0	0	0.00898417194505074	0	0.024631495922828	0	0.510804680072105	0	0.00280612044659079	0.0895944295232292	0.0206994672040483	0	0.125200721407585	0	0.0894812965315365	0	0	0.318061007754633	0.964096571645117
TCGA.AB.3009.03A.01T.0736.13	0.283576014910234	0	0.0784750365775065	0.0578458814437128	0.0433103330294069	0.135336573187131	0	0	0.00126168920888323	0	0.069068864837016	0	0.141442378682916	0	0	0.065910858901456	0	0.00324287130366783	0.0816910411440085	0	0.0388384567740606	0	0	0.287270158529057	0.974479867525972
TCGA.AB.2994.03A.01T.0735.13	0.0515460604934259	0	0.0131744950202985	0.0802780950889434	0	0.0877458784173336	0	0	0.00984508677779839	0	0.0353388707176858	0	0.190002838916483	0	0	0	0	0	0.423663643711087	0	0.108405030856945	0	0	0.183894462197292	1.02945987510226
TCGA.AB.2878.03A.01T.0734.13	0.143012405501444	0	0.153391240441655	0.0135578320298599	0	0.147733439553954	0.00864668730231566	0	0	0.00468864809624603	0.0484229669015755	0	0.031253440377126	0	0	0	0	0.00255313150811093	0.337964823275184	0.00483859750969088	0.083147065364859	0.0207897221379794	0	0.451873792366365	0.892859173803877
TCGA.AB.2822.03A.01T.0734.13	0.273035089991329	0	0.0477983740419322	0.1013276380936	0	0.222282323459841	0	0	0	0	0	0.0693652549472315	0.0162338922916977	0	0	0.0273212791868793	0	0.0139143669982156	0.106275006426676	0	0.122446774562597	0	0	0.278858659012777	0.981002499263151
TCGA.AB.3002.03A.01T.0736.13	0.297645486002402	0	0.139738153334232	0.0438735527445764	0	0.0848310821553402	0.0158674088300579	0	0	0	0.047244648470362	0	0.1964468619186	0.00527156880519588	0	0.000735979897731559	0	0.00191254575339268	0.0515525743307354	0	0.114880137757374	0	0	0.629544332882008	0.783192552661575
TCGA.AB.2865.03A.01T.0736.13	0.00930590951138409	0.0143432441254301	0.0153427101426001	0.0893490028718505	0	0.0425272365053523	0.00983667507170154	0	0	0	0.0745067550690649	0	0.650577192233217	0	0	0.00180638160850838	0	0.00200466933588541	0.075317739496293	0	0.0150824840287124	0	0	0.517720966183689	0.856242478814841
TCGA.AB.2981.03B.01T.0748.13	0.000901853072046191	0	0.00208293395421964	0.00566444477204007	0	0.020356930927877	0.00949762347863634	0	0	0	0.00697487934209973	0.00111832156264612	0.763167454590091	0	0.0121089550460003	0.023491241879458	0	0	0.0232375274549568	0	0.128096747835007	0.00330108608492196	0	0.758301955167112	0.661318935885585
TCGA.AB.2890.03A.01T.0735.13	0.123954791353661	0	0.00951485839723214	0.150387493889605	0	0.172913552665465	0.0201699453455059	0	0.0118265431597122	0	0.118586785799635	0	0.314361790954499	0	0	0	0	0	0.0634415921858138	0	0.0148426462488707	0	0	0.608272460016638	0.807781306148129
TCGA.AB.2821.03A.01T.0735.13	0.198623456846965	0	0.0796004633748461	0.0155591942735699	0	0.193256208096747	0	0	0.00130478141159453	0	0.0877870857471814	0	0.386642818016155	0.0013668989983971	0	0.0110275431800506	0	0.00477335968832515	0.0113489346032374	0	0.00870925576293114	0	0	0.431752300772434	0.902620053552976
