B cells naive	B cells memory	Plasma cells	T cells CD8	T cells CD4 naive	T cells CD4 memory resting	T cells CD4 memory activated	T cells follicular helper	T cells regulatory (Tregs)	T cells gamma delta	NK cells resting	NK cells activated	Monocytes	Macrophages M0	Macrophages M1	Macrophages M2	Dendritic cells resting	Dendritic cells activated	Mast cells resting	Mast cells activated	Eosinophils	Neutrophils	P-value	Correlation	RMSE
TCGA.3U.A98D.01A.12R.A40A.07	0	0.00643633945995863	0	0.0874073018136852	0	0.156124639097795	0	0.0304953012904429	0.0131334654226239	0	0	0.0348706409177746	0	0.269712467352846	0.0906434187697975	0.234249048867249	0	0	0	0.0722860628928529	0	0.00464131411497487	0.02	0.284575555630225	0.978613349609555
TCGA.UD.AAC5.01A.11R.A40A.07	0.0283924406094296	0	0.00277765757324168	0.123364402280055	0	0.154793852424442	0	0.0495550698043958	0.0154922380102436	0	0	0.0612723246086017	0.13161001692647	0	0.0700470758079724	0.212896748171505	0.0251727780600541	0	0	0.0277791573742978	0.0968462383492905	0	0.08	0.143812523904094	1.02470843668542
TCGA.ZN.A9VU.01A.11R.A40A.07	0.0163196220598913	0	0.0108413462005004	0.096835983789606	0	0.219688351167082	0	0.0242756580981823	0.0153432535898374	0.00786790061958587	0	0.0815802006836295	0.14173292746058	0	0.0191061330626265	0.193641189892146	0	0.100475755242731	0	0.0601625266294875	0.012129151504115	0	0.12	0.109291678162952	1.04168386225886
TCGA.UT.A97Y.01A.21R.A40A.07	0.0453807030028611	0	0.00106532069310589	0.0927032479669038	0	0.198105166085077	0	0.0437787208834299	0.0125868550789588	0	0	0.0761717550112211	0.0920902788362412	0.0462251040275735	0.0699966941370953	0.282380874898455	0.0110942920419701	0	0	0.00843550241044467	0.0199854849266626	0	0.1	0.134768782068086	1.03260978569264
TCGA.UD.AAC4.01A.11R.A40A.07	0.0284486487594534	0	0.000961545270613846	0.0766296394425568	0	0.173947016593848	0.00186412665725472	0.0241435787815582	0.0127620013737147	0	0	0.0343561378219723	0.156195922903315	0.0896478389576309	0.0480909345315585	0.302130504859	0	0	0.0410230855775139	0	0	0.0097990184700099	0.14	0.0921583375266424	1.0477343473278
TCGA.UD.AAC6.01A.11R.A40A.07	0.0587334699431657	0	0.0311441328735476	0.0812943151484667	0	0.10533061978665	0	0.0390044145028767	0	0.0101596352632897	0	0.0348655887871232	0.170688940522855	0.105857189937568	0.0338436579818539	0.273053653446544	0.0120904175339645	0	0.000724236917884017	0	0.0432097273542111	0	0.02	0.249465369196559	0.981647036084628
TCGA.LK.A4O2.01A.11R.A34F.07	0.00336102476912728	0.0198875892644608	0	0.034814330882807	0	0.140484212127968	0	0	0.0112198899103916	0	0	0.0717051983816466	0.233350543827842	0	0.0142397086531816	0.369754206227565	0.00328631068934062	0	0.0934030431269541	0	0	0.00449394213871571	0.04	0.222288486517479	0.996991213630828
TCGA.UT.A88C.01B.11R.A40A.07	0.0561451916327648	0.027824727819325	0	0.0860564989278188	0	0.192259145726479	0	0.0302673787461131	0.0763180278754384	0.0122197933929759	0.0180783114361237	0.0491272550043258	0.0944059485905742	0	0.0699421750680558	0.198514904743627	0.00568760884879093	0	0.0831530321875877	0	0	0	0.1	0.136909754247822	1.02730993789824
TCGA.ZN.A9VW.01A.11R.A40A.07	0.000163834904345974	0	0.000783894700457742	0.215331640431618	0	0.142841323008842	0.0145561018433609	0.0335378618128772	0.0419705720967076	0	0	0.00381058915869849	0.0547267839494039	0.0659374231579875	0.114729899944754	0.291812443692023	0	0	0.0197976312989243	0	0	0	0	0.366180560594314	0.934027964136746
TCGA.SH.A9CU.01A.11R.A40A.07	0.0371742662893062	0	0	0.0629983220111622	0	0.132083899450054	0	0.0483820133299825	0	0	0	0.0902919544181891	0.132215779503115	0.00136264772151549	0.0208801889449897	0.39119469507097	0	0	0.0630441126489338	0	0.0203721206117813	0	0.32	0.0325221691158902	1.07258548398173
TCGA.TS.A8AS.01A.21R.A40A.07	0.183038264563841	0	0.0341015106157175	0.139594028502629	0	0.0278352631706119	0.102054777234418	0.00735653920380138	0	0.00734311691812246	0	0.0537076081372514	0.0210019615701572	0	0.129134383720852	0.144448489752453	0	0.0922680899727493	0.0341748517423364	0	0	0.0239411148950586	0.02	0.271814918380662	0.977809473979793
TCGA.MQ.A6BN.01A.12R.A34F.07	0.00201982788701027	0.01143739159797	0	0.101487139737012	0	0.181687275882979	0.00291125142465739	0.0192330413324614	0.0195635710230378	0	0	0.0669572246412409	0.0921866650700468	0.0882250470866246	0.0277788234028115	0.294038897781596	0	0.0496625294359954	0.0428113136965573	0	0	0	0.04	0.197389122180755	1.00500644812713
TCGA.SH.A9CT.01A.11R.A40A.07	0.0498832631377719	0	0	0.0635783392989314	0	0.143132265263955	0.00306330598829069	0	0.00335866814503195	0	0	0.0768942759609936	0.0380503405375141	0.15981214452228	0.0446199822800394	0.352550140595333	0	0	0.0217236974560608	0	0	0.0433335768137984	0.08	0.140203707992656	1.03752508392488
TCGA.3H.AB3K.01A.11R.A40A.07	0.019446760871247	0	0.00654982680728148	0.0130306962365755	0	0.0341405857804206	0.00954545660086854	0	0.00918123414819439	0	0	0.00793109025420153	0.0233702978399078	0.698737604508313	0.0331621123430667	0.107207035001622	0	0	0.0376972996083009	0	0	0	0	0.739315115791682	0.675793052544535
TCGA.TS.A7OZ.01A.21R.A40A.07	0.102096198525583	0	0.0347783074660059	0.256469298186129	0	0.151138794418618	0.0290191232831859	0.0363810068310171	0.0205060149232204	0	0	0.0464338243803855	0.00882597580697668	0.0396536975584832	0.108812403404868	0.103723842275871	0.00364308863572033	0	0.0585184243039361	0	0	0	0.02	0.241314181536537	0.995363453131214
TCGA.ZN.A9VS.01A.11R.A40A.07	0.0413028529621615	0	0.0107878906533487	0.0368794042857358	0	0.138251037952761	0.0458434648269525	0.00663173374047413	0	0	0.0590505969342732	0.11197399246519	0.207295872374059	0	0.0142718213645507	0.224838036758424	0	0.0056817724840159	0.0971915231980538	0	0	0	0.2	0.0642656971716885	1.05860522744623
TCGA.LK.A4O7.01A.11R.A34F.07	0.0528172009177878	0	0.00299766906737203	0.286940152183308	0	0.0706257388030721	0	0.0438612602051398	0.040337379253572	0	0	0.0532865571572003	0.202517718651321	0	0.0580457178485711	0.179064567911844	0	0	0.00749035212303403	0	0.002015685877777	0	0.14	0.0827861165125889	1.06239340523452
TCGA.MQ.A4LC.01A.31R.A34F.07	0.0354153452611368	0	0.0206865707315619	0.0962401930474782	0	0.225123047031518	0.0642765920965837	0.00400832768061522	0.00436345551543471	0	0.0159992548412177	0.0659779098706814	0.157293362340594	0	0.0753714637214666	0.129798936578419	0	0.0315831431653539	0.0738623981179385	0	0	0	0.08	0.161630031518174	1.01621629075088
TCGA.YS.AA4M.01A.11R.A40A.07	0.0988261452603776	0	0.00532803715186318	0.250913129556909	0	0.146438232098124	0.0180758991142815	0.0116468350785544	0.0156167347616869	0	0	0.0444571698497616	0.02700368614564	0.0157756912028248	0.125954638528439	0.186358038891416	0.00056114300163383	0	0.0521473043171603	0	0	0.000897315041326824	0	0.340995666732851	0.946359352645784
TCGA.SC.A6LP.01A.11R.A34F.07	0.00597096507434994	0	0	0.176769122530118	0	0.111126061142816	0	0.0231381289426574	0.0262024092704377	0	0	0.0432887324251533	0.122954348256623	0.123974520157189	0.0327668301999371	0.327845604597984	0	0	0.00596327740273454	0	0	0	0	0.368733580579898	0.932457920621232
TCGA.SH.A7BC.01A.11R.A34F.07	0.0180953581127201	0	0.0151121896129416	0.0556492837932144	0	0.202572276985153	0	0.0146418634291744	0.0109204464633053	0	0	0.111187432039522	0.194579098119848	0	0.0996715113860924	0.210753179913442	0.00519238148044073	0	0.0603671296071898	0	0.00125784905695618	0	0	0.348041692451107	0.939917592466123
TCGA.TS.A7P1.01A.41R.A40A.07	0	0	0.00273588618930157	0.46971670012603	0	0.00427104499698241	0.0613871634389558	0.0248087058710396	0.0204640332246527	0	0	0.0533167634764172	0.000877337777105483	0.0482844567779774	0.133527586570518	0.107471206045824	0	0	0.042483019234626	0	0.0306560962705693	0	0.04	0.204896681121214	1.03072737741133
TCGA.NQ.A57I.01A.11R.A34F.07	0.0173243625458782	0	8.3085740308153e-05	0.0217514485100467	0	0.180747400122415	0	0	0	0	0.0356674371139327	0.0349463682236269	0.0143267985420527	0.210512662239628	0.0260279875414819	0.381409898083245	0	0	0.0261655452567368	0	0	0.051037006080648	0.04	0.216564436868091	1.01056576079349
TCGA.SC.A6LN.01A.11R.A34F.07	0.174678734778658	0.101648964521744	0.121080773265187	0.0859256332277974	0	0.104396239845333	0	0.0339735301128684	0.0197297031613775	0.0182974551855146	0	0.0741601677056483	0	0.110878265829602	0.0175178707117018	0.13344165023203	0	0	0	0	0.00426405998357751	6.95143895981472e-06	0	0.481298202781644	0.876140370283616
TCGA.3U.A98I.01A.11R.A40A.07	0.0539558276075979	0	0.000956572027358053	0.0371563397286181	0	0.0917544035565324	0	0.00242684180641777	0.0307155186618078	0	0	0.0100326314934958	0.149785600969083	0.192830017846846	0.0366191781844208	0.364621338288192	0	0	0.0291085202961164	0	0	3.72095335144307e-05	0.04	0.230400261507905	1.00185310077691
TCGA.TS.A7OU.01B.11R.A40A.07	0	0	0	0.0568951710338813	0	0.161708768033021	0.0335951552086321	0.00887865678957617	0.00232739739383151	0.00785686838838129	0	0.0349583852726941	0.117537414513934	0	0.0577438762627971	0.282936416501375	0	0.0545181586649453	0.178168116301226	0	0	0.00287561563570458	0.0600000000000001	0.194315115234151	1.00091988521618
TCGA.MQ.A4LP.01A.11R.A34F.07	0.00178692360621644	0.0197555565478999	0	0.0325521706902889	0	0.10450594650429	0.00756554401485515	0.0214493380363218	0.0365033999516994	0	0.0328614067934132	0	0.047771366297482	0.399666112399414	0.0163233202030644	0.265148467390794	0.00194814509454751	0	0	0.00225297031885565	0.00990933215085742	0	0.04	0.207956705617264	1.03169077746268
TCGA.SC.AA5Z.01A.21R.A40A.07	0.0827476841010396	0	0.0174558229641856	0.0796970473586909	0	0.13350903127705	0.0245397486754853	0.00578847587976152	0.0334416430858625	0.000702116115477033	0	0.0605146922733971	0.0788667010148679	0.0305504478193786	0.0439056679484898	0.288145427457509	0.0085352045061019	0	0.0964510725840206	0	0	0.015149216938683	0.1	0.123822390484368	1.02616781424701
TCGA.3U.A98J.01A.11R.A40A.07	0.0635743334364966	0	0.065156394148116	0.208213543111787	0	0.0837176291490651	0.00593987195493103	0.023663014435374	0.016842989342441	0.00735198903998449	0.00628112908284418	0.119861668830084	0.0231123728839579	0.0213677258005812	0.0348877004071878	0.227842372540048	0	0	0.0755854405957055	0	0	0.0166018252413955	0.04	0.196441047343674	1.00952543942538
TCGA.TS.A8AV.01A.12R.A40A.07	0.0720732621089737	0	0.0607245174986365	0.288138955289701	0	0.124241780112063	0.0244162302913263	0.052001408016039	0.0234832575497709	0.00331917009921394	0	0.0567978771607626	0.00407140595039955	0.0692703737788434	0.0539875349112499	0.151657153517131	0.00354394357573133	0	0.00643841385142853	0	0.00386288072689319	0.00197183556183656	0	0.345138316173873	0.946420960383202
TCGA.SC.A6LR.01A.11R.A34F.07	0.0134458287801222	0	0.00517294369543979	0.0330889108180385	0	0.165433952561963	0	0.00962195855177034	0	0.0222083991436608	0	0.107616431948717	0.285099633720978	0.0128700023451915	0.042054649674212	0.221994878996745	0	0	0.0813924097631615	0	0	0	0.12	0.101425483172579	1.04724925641157
TCGA.YS.A95B.01A.11R.A40A.07	0.00304380481057339	0	0.00450458840999883	0.11850269986297	0	0.13167474507407	0	0.00730164253066868	0.0324266097737532	0	0	0.101638594346497	0.0357841648269718	0.0684242989613431	0.0173798216481696	0.255435950910625	0.00905567640555027	0	0.214827402438809	0	0	0	0.4	0.0217730532321834	1.07758433280508
TCGA.UD.AABY.01A.12R.A40A.07	0.0132029054520674	0	0	0.00283626876878028	0	0.00369842879521674	0	0.00715123816205318	0	0.00221008329851875	0	0.00425709199710196	0	0.561875732428869	0	0.347256226654075	0	0	0.0575120244433184	0	0	0	0	0.753519332416279	0.662159897605793
TCGA.UT.A88G.01B.11R.A40A.07	0.00451941854155924	0	0	0.0665184808077598	0	0.147392989117953	0.0186902695269033	0.00460865466234044	0.0159861000697421	0	0	0.0353875404986177	0.148264716147726	0	0.0691260486963188	0.348471506026269	0.00955509987478326	0	0.109335293642848	0	0	0.0221438823871789	0.08	0.150495110515537	1.02206415521003
TCGA.TS.A8AF.01A.11R.A40A.07	0.0188879049005102	0	0	0.284956774755841	0	0.101161133280092	0.102445517575842	0.0299143116372791	0	0	0	0.0330925790831854	0.124758506060258	0.0150839521076223	0.0728604483239509	0.185544652401825	0	0	0.00622273059057585	0	0.0250714892830179	0	0.12	0.105174097148433	1.04915135517385
TCGA.TS.A7PB.01A.11R.A34F.07	0.0325228923962785	0	0.00763655230685087	0.236930118197989	0	0.0676278455628617	0.0640109186178462	0.029992859544278	0.00560646406699566	0	0	0.129792829005882	0.0394037884320185	0.0669261100036101	0.0646678716666504	0.147135090627339	0	0.0624848144977264	0	0	0.0393496384888499	0.00591220658482352	0.0600000000000001	0.175045531450624	1.0259110311797
TCGA.ZN.A9VQ.01A.11R.A40A.07	0	0.00130308837931836	0	0.0328699858529079	0	0.182991056383286	0	0	0.0747873742769149	0	0	0.0735328555989384	0.0896860315527663	0.12711040997495	0.00775314741727648	0.211478602281317	0.0443322875310567	0.0055486770231274	0.14860648372814	0	0	0	0.12	0.112700106714918	1.03589578310447
TCGA.SC.A6LM.01A.11R.A34F.07	0.00549809502562513	0	0	0.105088578157214	0	0.0896386754473393	0.0412295746752162	0.0216076685043112	0.0116858575646397	0	0	0.0470535484644568	0	0.262012927705318	0.141864059107268	0.230656842440866	0.00808847224641501	0	0.0355757006613316	0	0	0	0	0.503234900233747	0.863546876542956
TCGA.3H.AB3U.01A.21R.A40A.07	0.0960588457794869	0	0.00872996462290418	0.141181759668192	0	0.133804178278576	0	0.018721714181119	0.059021193410372	0.0211418536074427	0	0.0690940932989002	0.0487545304434579	0	0.0913521276450915	0.22419969151026	0	0	0.0879400475541972	0	0	0	0.12	0.108680023802384	1.04186977780048
TCGA.TS.A7OY.01A.11R.A34F.07	0.105547747112265	0	0.029588668074366	0.061616719755999	0	0.0616939848601119	0.000892320664592902	0.0497986506873673	0.0240726272074385	0.0247154409263836	0	0.0550817010782168	0	0.380824455477484	0.0242742836531337	0.162951356322794	0	0	0	0.00873263365681594	0.00376496625651533	0.006444444266517	0	0.432085356254727	0.903452607954996
TCGA.TS.A8AY.01A.21R.A40A.07	0.0585241621090739	0	0.00286665577243407	0.303595192876418	0	0.171286991234014	0.0302508342705546	0.0144277270552959	0.0172929854458959	0	0	0.0107851081045079	0.0733046714366874	0	0.106525099144147	0.176927886933737	0.00120580601023	0	0.0293535091739477	0	0.00365337043305687	0	0.04	0.212116999320405	1.00914643836855
TCGA.MQ.A6BR.01A.11R.A34F.07	0.0797937254586021	0	0.09905687150365	0.0771366157053815	0	0.137870795258525	0.00786477828805941	0.00736112525829993	0.0188534729774018	0	0	0.0419926163718569	0.0203600850850469	0.272631417464895	0.0507981647427836	0.127930457771635	0	0	0.0568096578278277	0	0	0.0015402162860343	0.02	0.314361176302006	0.956616895079751
TCGA.MQ.A4LM.01A.11R.A34F.07	0.0033026937067987	0	0.0014514522197311	0.228368991125546	0	0.126919545760359	0.0463531403033981	0.024856607477232	0.0124208754053074	0.0386378908810148	0	0	0	0.112682989432658	0.116800056527447	0.284182241172578	0.00236001454390869	0	0.00166350144402111	0	0	0	0	0.528872075953855	0.849914323849191
TCGA.XT.AASU.01A.11R.A40A.07	0.13884966148738	0	0	0.158868954429469	0	0.323575234075373	0.0244227771372588	0.00480143316777408	0	0.0217959904000555	0	0.0623088143969985	0.0129242076659486	0.0680440852613585	0.0329019005742638	0.146686254756406	0	0	0	0.00476648246526832	5.4204182445153e-05	0	0.04	0.219128074144186	1.00963783142067
TCGA.MQ.A6BS.01A.12R.A34F.07	0.163946608869399	0.0234352511939166	0	0.0932946588140696	0	0.159493471259782	0	0.0743828977915624	0.0044725095143882	0.0107595790411041	0	0.0631876331605522	0.0790698804945813	0.0157364411955463	0.0673338378083097	0.198611586642528	0	0.00407922193453135	0.0421964222797288	0	0	0	0.08	0.150587908051803	1.02438756909409
TCGA.3H.AB3O.01A.11R.A40A.07	0.0157334000418605	0	0.00691601350025891	0.468062142310934	0	0	0.124390209233218	0.0320290611558532	0.024879568922373	0.0369363517878012	0	0.000624151080027364	0.00928099418691931	0	0.101844021776387	0.120146343383543	0.0132007740810388	0	0.0409737935464347	0	0	0.00498317499335121	0.04	0.217976554945292	1.0200138352355
TCGA.3H.AB3T.01A.11R.A40A.07	0.0524249094427153	0	0.00802475001601696	0.179925069004304	0	0.0906000072483092	0.112891775658139	0.00395561267593713	0.00441215261654154	0.0388052634077063	0	0.0119570883326077	0.00544304343444698	0.0155174726193512	0.132361295562097	0.278902850930701	0	0	0.0593282471127894	0	0	0.00545046193833793	0	0.333163618861213	0.946637958812337
TCGA.ZN.A9VP.01A.11R.A40A.07	0.0113120854827801	0	0.0047319092962383	0.180815855926159	0	0.191611847706765	0	0.0360027939273656	0.00507900375163765	0	0	0.0672233584038297	0.20376659791699	0	0.0584025277744689	0.172250411184493	0.0232027055326151	0	0	0.045600903096658	0	0	0.12	0.101278436055698	1.05072112937012
TCGA.TS.A7P0.01A.11R.A34F.07	0.00954786835020077	0.0207588678725853	0.0195306424886674	0.281274603367233	0	0.07258717697343	0.0540201444386431	0.0459354766442555	0.0766434488835864	0	0	0.0250109658218699	0.0565207993185624	0.036345546996923	0.0937267565214165	0.165911886338529	0	0	0.0340541318130622	0	0	0.00813168417103544	0.1	0.121175471873123	1.04484939525333
TCGA.SH.A7BH.01A.11R.A34F.07	0.00101191431296202	0.00154524551768922	0.0499113345542778	0.168564854201156	0	0.0815212396887237	0.0450252593145265	0	0.0292500598043533	0	0.0304180418215608	0	0.0327732644690338	0.0486610532069765	0.169540537829749	0.272451867725833	0.00813014257382561	0	0.0611951849793317	0	0	0	0	0.376630632031216	0.927800432559747
TCGA.LK.A4O0.01A.11R.A34F.07	0.0631030208268346	0	0.0337918412299814	0.0986686568717199	0	0.0899318437245648	0.0135296195793969	0.0219521196932822	0.0181926715900183	0	0	0.0269957031568093	0.0582908064309154	0.26887000437252	0.0635242026928941	0.215088001721832	0	0	0.0280615081092313	0	0	0	0.02	0.302338280950668	0.96316436825441
TCGA.3U.A98E.01A.11R.A40A.07	0.044025564863424	0	0.0692981227527137	0.107563383543901	0	0.239194294518587	0	0.0769394783834515	0	0	0	0.0528321344449255	0.0558785539076187	0.0102520848230248	0.0625175799027393	0.212425210080279	0	0.0433130416022937	0.0257605511770421	0	0	0	0.04	0.211033533989007	0.99976249512564
TCGA.MQ.A4LI.01A.11R.A34F.07	0.0367400256710682	0	0.0256093993160367	0.145765273336661	0	0.153119154508855	0	0.0811170639564855	0	0.000765354004849127	0	0.151096022484031	0.108979731137273	0.0344250572762714	0.0360775252233887	0.126691058968513	0	0	0.0822812203291957	0	0	0.0173331137873721	0.12	0.115102287541058	1.04738665629262
TCGA.UD.AAC1.01A.11R.A40A.07	0.0145357209478145	0	0.0692595036987664	0.0684088309753991	0	0.122736980421665	0.0142354204267145	0.0347938102310762	0.0251115597867778	0	0	0.0622755543008966	0.100452055923101	0.248229551230675	0.078449276613523	0.117252202178942	0	0	0.0442595332646485	0	0	0	0.08	0.162690854959162	1.01997318301568
TCGA.UD.AAC7.01A.11R.A40A.07	0	0	0.000795307380841473	0.176451148241972	0	0.130874680786568	0.00316457673685502	0.0705170611140748	0.0404926064567636	0	0	0.0389623182051432	0.0737415937738896	0.134492894865669	0.103138708586763	0.195942787122887	0	0	0.0314263167285742	0	0	0	0.0600000000000001	0.173291683341419	1.02157353650539
TCGA.3H.AB3L.01A.11R.A40A.07	0.0643998769683383	0	0.0292155948323662	0.0348992669048885	0	0.119174360757784	0.0114546226247392	0.03521637906224	0.0229169651347326	0.0165021395104424	0	0.161778367437274	0.0391237702258857	0.102186044825331	0.109200639032512	0.12409617734103	0	0.00414119030255293	0.11616548669067	0	0	0.00952911834921292	0.04	0.220681484045118	0.99892344332862
TCGA.TS.A7P8.01A.11R.A34F.07	0.340596278015182	0	0.0567863490905453	0.101541472433695	0	0.0355644370605379	0.0365325060642042	0.0440932787558859	0.00827158876244157	0	0	0.0330043557570626	0.0473113072801988	0.00252714826764788	0.0269673213362213	0.214502898780533	0	0	0.0179200357038016	0	0.0311618722169574	0.00321915047508637	0	0.56295561543345	0.828808924266361
TCGA.3U.A98G.01A.11R.A40A.07	0.0423351609001981	0	0	0.126860175222697	0	0.191810707887135	0.00380966885004915	0.0294546288132449	0.0103502842256294	0	0	0.0322661921537815	0.0732263521531025	0.165941460409539	0.0516508027133363	0.271830720083376	0	0	0.000326037714247894	0	0.000137808873664113	0	0	0.439271041724948	0.897714414295401
TCGA.LK.A4O4.01A.11R.A34F.07	0.0633644704335377	0	0.0280043418517998	0.151975691450417	0	0.0725045311212255	0.00278599531493746	0	0	0	0.0288438588652914	0.0161268407364301	0.0493531199013992	0.149734292647841	0.0339134011029247	0.180095413596899	0	0.0443306212891877	0	0.171276604728731	0	0.00769081695937897	0.04	0.212471017361817	1.00176319096829
TCGA.UD.AABZ.01A.12R.A40A.07	0	0.00598856248388947	0	0.0471651321834132	0	0.142615128351857	0	0.0828891693985748	0	0	0	0.108594377945083	0.0947295465811375	0.140490469772951	0.0406599141808108	0.22750296762596	0	0	0	0.0376870408605463	0.071677690615778	0	0.3	0.0382567916643253	1.07497272857863
TCGA.LK.A4NW.01A.11R.A34F.07	0.10798410697741	0	0.00110468988020577	0.0344410255644056	0	0.202750156688556	0	0.06511377665649	0	0	0	0.175097815380851	0.0511769244819698	0.0442731842339024	0.0994659506231645	0.185535444507579	0	0	0.0330569250054657	0	0	0	0.1	0.138660274012316	1.04140530654462
TCGA.TS.A8AI.01A.11R.A40A.07	0.00316034651120657	0.0110335773177083	0	0.0772282413306215	0	0.0845005556333461	0.00797277559057852	0.0123383349867344	0.0508510913307649	0	0	0.0794236753347637	0	0.3029610669945	0.0439793815729878	0.265239426897377	0	0	0.0578415612786123	0	0	0.00346996522079814	0.02	0.316796642498322	0.962496670032544
TCGA.UT.A88D.01B.11R.A40A.07	0.310335856037878	0.168651999127974	0.0198781727685864	0.057902009609443	0	0.183625280044373	0.00608882893216826	0.00452455258778714	0.0367176739536986	0	0	0.00596206154106868	0	0.0605002783661387	0.0169013559979986	0.116733172378612	0	0	0.0121787586542748	0	0	0	0	0.56999881345486	0.820909743633073
TCGA.YS.A95C.01A.11R.A40A.07	0.0814879543360026	0	0.0373854036603637	0.0970682490401563	0	0.0972173381463005	0	0.0105411932840566	0.0172248374145547	0.0591925282436157	0	0.0654764059408652	0.216962896072823	0	0.028791848710592	0.256663890191061	0.000138822317071283	0	0.031848632642538	0	0	0	0.0600000000000001	0.193364526620812	1.00583341903812
TCGA.MQ.A4LV.01A.11R.A34F.07	0.00582032695919114	0	0.00698873792661454	0.325485109581791	0	0.142595819864072	0.0215261649212076	0.0437320499066609	0.0249384011283104	0	0	0.0767134219461592	0.0219520263646331	0.0826830357971201	0.102153923789615	0.111530135832659	0.008324180394803	0	0.0238980269359122	0	0	0.00165863865125019	0	0.471360998985724	0.881970839184762
TCGA.SH.A7BD.01A.11R.A34F.07	0	0.0271986046867051	0.0037490020277202	0.0483563880593177	0	0.140535278729809	0	0.00356095605330126	0.0300516935229319	0	0	0.140723776085227	0.17428128813988	0.110277084401086	0.00404403758822622	0.13531401506509	0	0.137983790155182	0.0439240854855239	0	0	0	0.08	0.145967550339356	1.02728708427781
TCGA.ZN.A9VO.01A.11R.A40A.07	0.0126263091270928	0	0.00523877292498604	0.271726951147416	0	0.126036427593898	0.0648928656423256	0.0654393569454847	0	0	0	0.116939915650345	0.0122915223799958	0.0461846543896436	0.103250620803351	0.0734326041356139	0.0070158480981837	0	0.0912083379472447	0	0	0.00371581321441925	0.1	0.138871946098733	1.05418512946084
TCGA.SC.A6LQ.01A.11R.A34F.07	0.010128538716673	0	0.000894900628823625	0.0832251090411566	0	0.153681688256464	0.018695320182669	0.0279691846543154	0	0.0106792800041846	0	0.07106998120266	0.198007135961592	0	0.0615745465081153	0.34382090366235	0	0.00305065973918206	0	0	0.0172027514418139	0	0.0600000000000001	0.170637329369446	1.02045145823493
TCGA.MQ.A6BQ.01A.11R.A34F.07	0.00496795124720237	0.00164751408667551	0.00179986819443152	0.0771803017856875	0	0.160277999714537	0.00324348774553384	0	0.0393247227891138	0	0	0.0725875862967148	0.0751098418917376	0.126459054506137	0.0551452818261246	0.224456710393286	0	0.0886796401080889	0.0589220161808725	0	0	0.0101980232338568	0.0600000000000001	0.18443843232449	1.01000683720402
TCGA.LK.A4O6.01A.11R.A34F.07	0.213686314815014	0	0	0.1681867916372	0	0.144135039656234	0.0533106743694628	0.00926034922717314	0.00663313367756147	0	0	0.0781241892734443	0.0548689769873268	0.0282001598068597	0.036391715153295	0.168945721984195	0	0	0	0.0248101715209123	0.0115104415112303	0.00193632038009096	0.02	0.25586696573842	0.984608614765984
TCGA.3H.AB3X.01A.11R.A40A.07	0.00305686354823236	0	0.0881700396916604	0.20289433712277	0	0.0198275642749573	0	0.059845397830548	0.0105453263102514	0.0290449615795402	0	0.00612391706415833	0.130550119509383	0.128254980481091	0.0592708016476816	0.231986426365583	0.00293150627922457	0	0.0274977582949185	0	0	0	0.04	0.210772201747239	0.998263353638884
TCGA.3U.A98F.01A.11R.A40A.07	0.0217726126842364	0	0	0.060029303433176	0	0.158781057910989	0.00212535963604906	0	0.0251688116261011	0	0	0.0099932523196199	0.108339426385416	0	0.041151621259551	0.533228164070042	0.0150517936910019	0	0.0243585969838171	0	0	0	0.08	0.140604018218011	1.04204636874795
TCGA.3U.A98H.01A.11R.A40A.07	0.075674419309902	0	0.0926448780474901	0.0880560179531877	0	0.144256289947826	0.0348399269144281	0.0404134472845067	0.0202594487547354	0	0	0.0780814064204519	0.0706973728497443	0	0.0647856207842922	0.192812273216334	0.000127001184141239	0	0.0883474748043886	0	3.99727940271023e-06	0.00900042524916924	0.02	0.270215654840956	0.970992406931936
TCGA.TS.A7P3.01A.12R.A34F.07	0.0235450030450198	0	0	0.0825742984711285	0	0.166851328416671	0.0028199793255593	0.0122168526531679	0.00164423212324232	0	0	0.0485904304725588	0.225302831319706	0	0.0158022054928295	0.369318482952653	0	0.0321047129524718	0.00158805945726504	0.00234152095248488	0.0139628706548069	0.00133719171043602	0.12	0.113743314415978	1.04472670419521
TCGA.TS.A7P7.01A.11R.A40A.07	0	0.00239727523580976	0	0.0832507491341208	0	0.317725301302275	0	0.00757413012783658	0.0059817037187264	0	0	0.0400410596007663	0.0509998512753821	0	0.0503046577063534	0.264047852231866	0	0.00747611649632052	0.170201303170543	0	0	0	0.12	0.11019564707276	1.04117381125023
TCGA.MQ.A4KX.01A.11R.A34F.07	0.126790052499346	0	0.0105279530721277	0.0535178286978813	0	0.282956844805078	0	0.076869157267757	0.000969526482538263	0	0	0.105271135466436	0.137235282505811	0	0.0806917945573757	0.112689385967061	0	0.00761097940343004	0	0.00487005927515828	0	0	0.02	0.271510213122955	0.97933844115273
TCGA.3H.AB3M.01A.11R.A40A.07	0.0516483162751911	0	0	0.0500474337753267	0	0.135744615661321	0	0	0.0151325806759802	0	0	0.0126891441563282	0.182756309745258	0	0.0430816506332668	0.477062723643073	0	0	0.031837225434255	0	0	0	0.0600000000000001	0.186377239992519	1.01807029255521
TCGA.MQ.A4LJ.01A.11R.A34F.07	0.092320358914851	0	0.00873056420067989	0.120969344592848	0	0.205048560858025	0	0.0574003256652987	0.00244027754342879	0.0318307225610025	0	0.141048941955742	0.131982157493278	0	0.0404122576922379	0.108223379554068	0.0306106993133811	0	0.0141594129161202	0	0.0148229967390387	0	0.08	0.163418979538555	1.031964794821
TCGA.TS.A7P6.01A.21R.A34F.07	0	0	0.00116408189741465	0.190150430223857	0	0.156676647518154	0.00946682570606911	0.0277844043105374	0.0258618980742093	0.0548322536523074	0	0.0939849449595899	0.179883608274931	0.0211853638633004	0.0652929953198039	0.161084236675965	0.00114640361743696	0	0.0114859059064236	0	0	0	0.02	0.311722509013012	0.963201140554121
TCGA.LK.A4O5.01A.11R.A34F.07	0.00815529564131837	0	0.0124120088276242	0.23456867231477	0	0.111903652209971	0.0529516462033648	0.0237243476034401	0.0343801279153475	0	0	0.0364070414406667	0.111842133181108	0.106452990949815	0.0464126404583411	0.146936210979891	0.0145662795927973	0	0.0343650013588216	0	0.0249219513227238	0	0.08	0.142060393925172	1.02752501973521
TCGA.UT.A88E.01B.11R.A40A.07	0	0.00965099972223359	0	0.099491548692811	0	0.158215343710075	0	0.00498990329162581	0.0295877403083403	0	0	0.125993150245825	0.0981754699582594	0	0.0501435471726993	0.219386224945838	0	0.108622408960868	0.0910173388206142	0	0	0.0047263241708094	0.08	0.144342187695008	1.02863540676066
TCGA.MQ.A6BL.01A.11R.A34F.07	0.00417605867426676	0	0.0375635682106996	0.415454914135133	0	0	0.0680015199435213	0.0421292127921957	0.0239389671089312	0.0237693464995142	0	0.044715219781555	0.00712774956328877	0.0291778415507829	0.155041850823023	0.11154013043824	0.00493800689533337	0	0.0288291310579384	0	0	0.00359648252557673	0.12	0.113108165590012	1.07466907111442
TCGA.3H.AB3S.01A.21R.A40A.07	0.00104816429003683	0	0.00754801821855316	0.0967714904584289	0	0.141823259906325	0	0.0133264484240184	0.0321194093963279	0	0	0.102903198109649	0.202173558573882	0	0.0185494326511366	0.261408319032799	0.00125193507571263	0.020173822548511	0.100902943314619	0	0	0	0.26	0.0490688531246664	1.06376135309917
TCGA.ZN.A9VV.01A.11R.A40A.07	0	0.0170378628295962	0	0.056884233278941	0	0.179233665800176	0	0.0282443525598142	0.00654308853102835	0	0	0.0548757757168801	0.135212627139673	0.0974763794266446	0.0475267849753397	0.360933574567382	0	0	0.0160316551745258	0	0	0	0.1	0.139120504736954	1.03482353261459
TCGA.NQ.A638.01A.11R.A34F.07	0.0015844731938327	0.0106657760213454	0	0.0740180846041011	0	0.162234137361637	0	0.0268696444770362	0.0356107521517563	0.0243833918117167	0	0.0697976490175572	0	0.300809828222721	0.0645995513871839	0.156690828569108	0.00134369852610808	0	0.0658403827942891	0	0	0.00555180186160724	0.02	0.268241871954926	0.98310444377644
TCGA.LK.A4NZ.01A.12R.A34F.07	0.0716578702609182	0	0.148220074329208	0.165720021859191	0	0.108538256412725	0	0.047694706029217	0.00821590836731087	0	0	0.0593924906146228	0.0621188491760617	0	0.0848989132856767	0.166523742011772	0.0038705738967968	0	0.0731485937564991	0	0	0	0	0.336737166888323	0.946342977624863
