B cells naive	B cells memory	Plasma cells	T cells CD8	T cells CD4 naive	T cells CD4 memory resting	T cells CD4 memory activated	T cells follicular helper	T cells regulatory (Tregs)	T cells gamma delta	NK cells resting	NK cells activated	Monocytes	Macrophages M0	Macrophages M1	Macrophages M2	Dendritic cells resting	Dendritic cells activated	Mast cells resting	Mast cells activated	Eosinophils	Neutrophils	P-value	Correlation	RMSE
TCGA.2J.AABR.01A.11R.A41B.07	0.0623772120301855	0	0.00335260260254806	0.209439759767547	0	0.262247931373212	0.0607922122665792	0	0.0154412997662021	0	0	0.0287336408837174	0.036109498485011	0.0855697696139284	0.0406705580337003	0.0982098206705369	0.0139347830582613	0.0223672841758454	0.0475568508931666	0	0	0.0131967763795582	0.08	0.192192151541951	1.01265289358514
TCGA.IB.7645.01A.22R.2204.07	0.0566452270976889	0	0	0.125981637950518	0	0.228620500209605	0.0555931134643372	0	0.0160509836885717	0	0	0	0.0246245687297172	0.139775015919928	0.0537874377675134	0.179365445069164	0.0783016825164928	0	0.0289984206611922	0	0	0.0122559669252713	0.08	0.167085170984738	1.0151403103354
TCGA.IB.7649.01A.11R.2156.07	0.0242547838667632	0	0.059912774454838	0.0829937390205264	0	0.154380451586044	0.0188842457292278	0	0.0274880087472037	0	0	0.0232158781727021	0.148125613784594	0.0879783697441998	0.0266077185072934	0.0336914832740883	0.142619048061789	0.00704818896193705	0.162799696088794	0	0	0	0.08	0.178051386437692	1.00108014671184
TCGA.FB.AAQ1.01A.12R.A41B.07	0.0028055681596776	0.0140164058156591	0	0.0639737469395628	0	0.143342521126399	0.000927965108824741	0	0.026916916966492	0	0	0.0132016971488529	0.0497982994717939	0.32917845670395	0.0152580541175432	0.186375925963174	0.0691426344319565	0.0119365661784659	0.0731252418676489	0	0	0	0.0600000000000001	0.27015509869923	0.983777042195817
TCGA.US.A77G.01A.11R.A32O.07	0.007214862612035	0.0455395214444159	0	0.0568762026724331	0	0.304182718100026	0	0	0.0251126954821104	0	0	0.0248452122252972	0.0251512358601319	0.0961897427843305	0.0485838046134311	0.17000159635399	0.0712585555107603	0.0369895041915595	0.0880543481494792	0	0	0	0.16	0.0879777798326183	1.04362056101935
TCGA.HZ.7289.01A.11R.2156.07	0	0.00882198295777334	0	0.00933684508374229	0	0.27780946946737	0	0	0.0508037725793581	0.00780586858441561	0	0.177250910028348	0	0.215533699916684	0.00519764074769361	0.0982941769871828	0	0.0116472913051418	0.135728116450286	0	0	0.0017702258920046	0.38	0.0281873296645452	1.09608856554801
TCGA.HZ.7919.01A.11R.2156.07	0.0527671967605351	0	0.0239317470758319	0.0785328382419194	0	0.305542507736994	0.0299206419223421	0	0.0124034164512917	0	0	0.0162515932418746	0.00973214935543082	0.0334834907509433	0.0988450353071806	0.151782281686023	0.083884387908185	0	0.102922713561448	0	0	0	0.1	0.12433790841193	1.03011108429893
TCGA.IB.7889.01A.11R.2156.07	0.0477812590179169	0.0482514822146267	0.0316238749835511	0.139492992238497	0	0.139147869132195	0.0185941160605615	0	0.0144947628308366	0	0	0.0104336966340095	0.0412851921818593	0.221644700078522	0.0410963306575625	0.105336040746644	0.0662105839383094	0.00142556816510958	0.0680358835868566	0	0	0.00514564753294294	0.02	0.370749873011965	0.928799506379136
TCGA.XD.AAUI.01A.42R.A41B.07	0.3096831537714	0	0.0165767821875939	0.0682324519226425	0	0.101570751613413	0	0.00292945793518032	0.0501616359791719	0.0146712991066504	0	0	0	0.254984635218433	0.00196548280735935	0.127613442442612	0.0020124912880581	0.029235306510467	0.0203631092170189	0	0	0	0.02	0.368490813938676	0.936533727878088
TCGA.3A.A9I9.01A.11R.A38C.07	0.0398715293577789	0	0.00675858191243851	0.120934270098183	0	0.111766992823327	0	0	0.0161204182111101	0	0	0.0440923465650089	0.0232950065884235	0.217229099823211	0.0395571291797557	0.209912248547237	0.0780150802472323	0	0.0692462922731924	0	0	0.0232010043731015	0.08	0.210275913821517	1.00063810197973
TCGA.HZ.8002.01A.11R.2204.07	0.0372706005863015	0	0	0.135424441559499	0	0.222100496496885	0.0166585784038194	0	0.000139603039169969	0	0	0.0150622457912381	0.0582884679622311	0.101285870777222	0.0202238417708575	0.223394253019732	0.0661034007544372	0.00966708035311574	0.0858835867196988	0	0	0.0084975327657918	0.08	0.175075746825605	1.00972419280942
TCGA.HZ.8005.01A.11R.2204.07	0.0354574584957297	0	0.0052043384631621	0.0482891943126322	0	0.140075130738905	0.0286451429676109	0	0.0152353499005754	0	0.0142897995653957	0.0427121882033055	0.012659251585642	0.09537309395154	0.166460715652833	0.261386627401765	0.00616160054520015	0	0.120180380592878	0	0	0.00786972762282504	0.04	0.308206070358383	0.959806075103908
TCGA.US.A776.01A.13R.A33R.07	0.0791551579373525	0	0.00627437439851505	0.0921173143845274	0	0.377576028758566	0	0	0.00676358306257557	0	0	0.0768155719178985	0.00588420177033667	0.0783077917418885	0.0462214083988412	0.150321524359184	0	0	0.0805630432703136	0	0	0	0.16	0.0848674856088674	1.06104337507859
TCGA.HZ.A77O.01A.11R.A33R.07	0.00630483897616813	0.0116500636126615	0	0.0567981773257665	0	0.105432393242904	0	0.00618779571751258	0.0391402520772716	0	0	0.109553079810096	0.0112147252494257	0.23680837921519	0.0570761683970029	0.185880796369497	0.0749937583038126	0	0.095115243937618	0	0	0.00384432776507387	0.1	0.123658820764304	1.04179483054472
TCGA.3A.A9IO.01A.11R.A38C.07	0.0462566979342575	0	0.0568101615996916	0.138507890370227	0	0.13903050647561	0	0.0170338375305302	0.000172327506645619	0.000228610923153742	0	0.0732761681469457	0	0.0856710400188049	0	0.214188659539824	0.0287762071504759	0.0845487746687246	0.113907644621622	0	0	0.00159147351348797	0.54	0.00754278207771673	1.07225508285032
TCGA.IB.A6UG.01A.32R.A33R.07	0.206352536737065	0	0.0972060844891802	0.101609279954055	0	0.150168684435892	0.0221005942721834	0.0249063112585868	0.0526694986564288	0	0	0.0345897910099884	0.0096651685581303	0.0663198159252529	0.0242690076467594	0.0631085581934195	0.0562392807958919	0.0206462006965199	0.0677521691402645	0	0.00239701823038189	0	0.02	0.461166789571291	0.886612820601635
TCGA.HZ.7922.01A.11R.2156.07	0.101019985167085	0	0	0.0946769102715259	0	0.213617024773505	0.00224345314247283	0	0.0158168153772763	0	0	0.0275633111124925	0.0305673225576834	0.0888175710617359	0.0578155743952551	0.117700585917463	0.0729863978938391	0	0.154512299139414	0	0.00973277911200774	0.0129299700782442	0.08	0.209064827529149	0.992790511978567
TCGA.2J.AAB4.01A.12R.A41B.07	0	0.0044143833481541	9.670242253422e-06	0.112496536951426	0	0.18126360736142	0.0309194938364161	0	0.0161177427976362	0	0	0.0386284687800897	0.0292595115482767	0.0687601396861633	0.111221780791636	0.15638937404642	0.127108611547067	0.0124527548536213	0.11095792420942	0	0	0	0.08	0.207649774026431	0.997289429864072
TCGA.IB.A5SS.01A.11R.A32O.07	0.021365933528643	0	0	0.0424483376030537	0	0.131080410204124	0.0150298060593652	0	0.0124479556027168	0	0.00555669969526486	0.00910974769033629	0.0280867122848421	0.198770027828958	0.0229506174093382	0.405460585062867	0.00428749751997296	0.0278864903332638	0.0531970677391226	0	0	0.0223221114381316	0.02	0.35806061752815	0.940532208545477
TCGA.2J.AABF.01A.31R.A41B.07	0.0643877126656901	0	0.00418222218077344	0.0875270661998739	0	0.114072180862119	0.00995062470903068	0	0.0387043033117579	0	0	0.0354703510407702	0.0359227223725787	0.0567734786325147	0.135054335371779	0.194420738514346	0.107259225254197	0	0.0781940840768389	0	0	0.0380809548077305	0.0600000000000001	0.261292977880227	0.975164570515135
TCGA.F2.A7TX.01A.33R.A38C.07	0.0729039105117362	0	0.00348227193889117	0.197945758706923	0	0.10197933983172	0.103410513606809	0.0201925244674301	0.0308735904321408	0	0.00323934411217724	0.0205410187324496	0.00596098704097873	0.0626167261342478	0.112559285389744	0.157198276795541	0.0127725306403745	0.00364763095922832	0.0889550628623975	0	0	0.00172122783721029	0.04	0.309093035157793	0.956210381975353
TCGA.S4.A8RP.01A.11R.A36G.07	0.0452951993725362	0	0	0.0984738708114175	0	0.17772876231074	0.0130248451083077	0.00476646533526139	0.0243330192044209	0	0	0.00584706276499414	0.0229020933687921	0.1425734578332	0.100568795753924	0.19317662697271	0.0701088557970497	0.0126623787891923	0.0711168541868829	0	0	0.0174217123905709	0.08	0.213857230942689	0.995949176776379
TCGA.2J.AAB1.01A.11R.A41B.07	0.0721933508161188	0	0.00995010918204939	0.119729526749814	0	0.245777511330374	0	0	0.00347489396502508	0	0	0.0307758055267734	0.0485442905116872	0.0562630185971839	0.15611450490839	0.124232860822689	0.0507207095630376	0	0.0822234180268574	0	0	0	0.04	0.30230067105809	0.961338399618985
TCGA.HV.AA8X.01A.11R.A39D.07	0.0258510965967891	0.0298961234515967	0	0	0	0.193320948193734	0	0	0.0507304948945449	0	0	0.0694790734231862	0.00518817491428616	0.124323704772543	0.0324487073774139	0.103649969906147	0.130872904138388	0.0109221747815151	0.223316627549857	0	0	0	0.32	0.0512063484460694	1.05533679167602
TCGA.HV.A5A5.01A.11R.A26U.07	0.0280182625373053	0	0.00756292072573189	0.0461363374053487	0	0.353877694717383	0.0076452747135349	0.0139663377376559	0.0458563665592961	0	0.0143423810844438	0.000351632466946667	0.0114754310649988	0.172334386734291	0.0519868475300749	0.130616293329997	0.025376329886699	0.00863556161718258	0.0794429684406849	0	0	0.00237497344842508	0.16	0.0831186759158199	1.05576926217587
TCGA.FB.AAPZ.01A.11R.A41B.07	0.0672726175057242	0	0.00294092738467619	0.12118741358931	0	0.178189807034311	0.0331750076197981	0	0.0229208693585787	0	0	0.0117628221072104	0.00753385491233116	0.316292553034109	0.0393919361232406	0.130437277820471	0.0109237512210467	0.00760501207932404	0.0455546771532149	0	0	0.00481147305665469	0.04	0.291772288625836	0.969845744999497
TCGA.2L.AAQI.01A.12R.A39D.07	0.00241678343402464	0.0828946988521611	0	0.0243777222053618	0	0.214244677780663	0	0	0.0467925866980004	0	0	0.0325222115748276	0	0.345808215011546	0.0376783613467343	0.157221212921957	0	0	0.0469852385280076	0	0	0.00905829164671631	0.0600000000000001	0.232154205405431	1.00134721274657
TCGA.3A.A9IC.01A.11R.A38C.07	0.157351907798372	0	0.0506635271723162	0.0801033911233158	0	0.18847010228843	0.0240493292099303	0.00673555518150641	0.0173090817171441	0	0	0.0173942501518123	0.00265526524573378	0.150104727395369	0.0212284491662751	0.155588718809085	0.0458731759050061	0	0.0489531889255904	0	0	0.0335193299101129	0.04	0.310956074564089	0.95487564079925
TCGA.FB.A7DR.01A.21R.A33R.07	0.0857394452843192	0	0.0157083407954465	0.0840805936357955	0	0.171191674860533	0.0194394349293221	0	0.0270216237316215	0	0	0.0178063240595916	0	0.08874513314407	0.0658581166840859	0.173786017738474	0	0.0981763601958329	0.122052787273335	0	0	0.0303941476675733	0.08	0.203287155461912	0.996564599643429
TCGA.HZ.7923.01A.12R.2156.07	0.0661023804467556	0	0.0132719276357596	0.132971514869707	0	0.264507268183179	0.0685669849183878	0	0.0216851157833543	0	0	0	0.0302468580895122	0	0.00174037527733715	0.181186947219691	0.0814182130112524	0.0449749058446745	0.0701262842600888	0	0	0.0232012244603005	0.1	0.126053406957811	1.02800886249131
TCGA.H6.A45N.01A.11R.A26U.07	0.086978632867026	0	0	0.118758732339967	0	0.159474867496793	0	0.000684939289085621	0.0245148577517345	0	0	0.032776781826429	0.000216322100567702	0.291375324559654	0.0509303457143122	0.100109635584634	0.0812474609200332	0	0.0529320995497632	0	0	0	0.0600000000000001	0.266315308144013	0.979230480481381
TCGA.LB.A8F3.01A.11R.A36G.07	0	0.0120608511123025	0.00548243195024169	0.052325475567417	0	0.139282587627672	0	0.0115168992450696	0.0267923740638138	0	0	0.0431073965737025	0.0145953374652274	0.212692588546958	0.0629395378423133	0.238827150371198	0.02920853664401	0	0.0581249821711045	0	0.0541526883670315	0.0388911624519383	0.14	0.09233061757812	1.05232731055885
TCGA.OE.A75W.01A.12R.A32O.07	0.0789444472522757	0	0.0250049126560369	0.173754793036018	0	0.200880118554057	0.0462711371187201	0.00726613084400847	0.0466026168125111	0	0	0.015737622248895	0.00390371056009353	0.15671607855963	0.0805727677317286	0.123739736345468	0.00863061675031218	0.00429977122043368	0.024797070945299	0	0	0.00287846936451253	0.04	0.344708111764006	0.942511307723075
TCGA.3A.A9IN.01A.11R.A39D.07	0.0404707768464174	0	0.0693513447423686	0.0668249229436122	0	0.260383240545733	0	0.0201587887650346	0	0	0	0.0994754465567163	0.0090497713582726	0.0437380201744664	0.0549413025938893	0.2200419664744	0.0178024698086965	0	0.0096869463924381	0.088075002797955	0	0	0.14	0.0932694846795098	1.05169563592874
TCGA.HZ.8315.01A.11R.2404.07	0.0769444096444329	0	0.0056964501203526	0.094700426885436	0	0.141640678491663	0.0482159544609581	0.00295107499547599	0.0266377029767839	0	0	0	0.00167292202254392	0.0775698784482355	0.179974401236435	0.163754371773079	0.0666917548603761	0	0.0996800870804405	0	0.00788587236491991	0.00598401463886782	0.1	0.122015012989358	1.03848993094607
TCGA.IB.7885.01A.11R.2156.07	0.0527032775269719	0.013843008395423	0	0.11141950168563	0	0.191008758851729	0.00696593586160814	0	0.0743541320349853	0	0	0.0454386267339283	0.00830934363575477	0.160049240856344	0.0410529283992662	0.201768567774024	0.0211756380015228	0.0071077596297182	0.0307059774664041	0	0	0.0340973031466902	0.12	0.105127209614474	1.0447648642678
TCGA.RB.A7B8.01A.12R.A33R.07	0.027261661822932	0.0205306819176538	0	0.128842737098222	0	0.177515440878655	0	0	0.0913784424965491	0	0	0.0568721465866234	0.0100496477543716	0.180264342026407	0.0711985222953932	0.17541380951199	0.0262704519126808	0	0.0344021156985216	0	0	0	0.08	0.196980951789715	1.00977089360333
TCGA.2J.AABI.01A.12R.A41B.07	0.203653894419386	0	0.0844979817406817	0.0718921898155925	0	0.0412735472190182	0.0442672157594916	0.0113874869964348	0.0849868550415683	0	0	0.0127561225740481	0	0.256190994018301	0.0223086913168742	0.124099111505672	0	0.0213374419431075	0.015889731397266	0	0	0.0054587362525588	0.02	0.404204279438236	0.915797053012142
TCGA.H6.8124.01A.11R.2404.07	0.0784120270752185	0	0.0168593974797783	0.034131068365983	0	0.166408684635644	0	0	0.0378308354058494	0	0	0.0212967288017887	0	0.392552121913695	0.0122686630659251	0.04694747749969	0.115244529316323	0	0.078048466440105	0	0	0	0.1	0.163453748528625	1.03387313642278
TCGA.IB.AAUN.01A.12R.A38C.07	0.161704142964617	0	0.157378812167341	0.0788265664445914	0	0.0646518358999509	0.0679875318027897	0	0	0	0	0.0306962883623224	0.00991078444579504	0.057087234943319	0.106103805019435	0.100902899712753	0.0562571662616279	0.0139556183646396	0.0856115009940875	0	0.0089258126167309	0	0	0.5107314449335	0.860798437995411
TCGA.3A.A9I7.01A.21R.A38C.07	0.122223509385133	0	0.0537947978993684	0.0973552896073567	0	0.214688267358571	0	0.0205730192242418	0.0829265299524006	0	0	0.0200860447975944	0.00104382223195941	0.0667608140695949	0.0593882759726279	0.132685741190328	0.0666917588526325	0	0.0617821294581912	0	0	0	0.04	0.311241886383793	0.955323792913234
TCGA.YB.A89D.01A.12R.A36G.07	0.0209716839162701	0	0	0.0560910189079696	0	0.190687678791241	0	0.0140991790435339	0.04205207921096	0	0	0.0168095043473298	0.0351148135049079	0.0858064877466067	0.0157844807006302	0.275211160813444	0.115112496290352	0.0782943585324596	0.0434995753296339	0	0.00249912538914859	0.00796635747551262	0.08	0.170572033028279	1.01342823214773
TCGA.2J.AABH.01A.21R.A41B.07	0.149061481897368	0	0.0322429236906479	0.0680261820915699	0	0.218498135823589	0	0	0.0106954139029131	0	0.0152835066781886	0	0.0165608153252638	0.216418941742005	0.0199686226014573	0.175489995412731	0.0645575218907195	0	0	3.84439765313022e-05	0	0.0131580149670157	0.0600000000000001	0.248949624510949	0.98599312320026
TCGA.XN.A8T5.01A.12R.A36G.07	0.331164847663024	0	0.0175776403807278	0.168405389057645	0	0.157770327273361	0.0171691489567954	0.026915366972473	0.047172837208094	0	0	0.0455636625052463	0.0126557386364425	0.025780065041502	0.000759230974973303	0.0479617799265405	0.00357550789458987	0.0156054911953496	0.0786624696472615	0	0	0.00326049666597383	0.02	0.480636093952069	0.876783925364797
TCGA.US.A779.01A.11R.A32O.07	0.0878414743256664	0	0.0027830929171522	0.0303570243405059	0	0.194908835081664	0	0	0	0	0	0.0482701018854109	0	0.316578287486794	0.0152729129870981	0.191155518615226	0.0187360950035839	0.0029935078934373	0.0911031494634618	0	0	0	0.1	0.157673285526649	1.03183759176407
TCGA.FB.AAPS.01A.12R.A39D.07	0.144568086195215	0	0.0177338505189689	0.093725457392739	0	0.18127932821851	0.00688729508838833	0.021139983712869	0.073685738914025	0	0	0.0225820936447891	0	0.148359051164467	0.0385519231301474	0.183630435059061	0.010225477735049	0.00490145639253759	0.0478271582810635	0	0	0.00490266455216834	0.02	0.410132360572251	0.911328072745495
TCGA.FB.AAPU.01A.31R.A41B.07	0.237075039247058	0	0.0552065418186054	0.0786881319248129	0	0.232368561469604	0.00319016406630246	0.021287207146667	0.0559969134535172	0	0	0.00176083579325048	0.000525908971387206	0.00593145446692681	0.0122092211988815	0.0808107953072509	0.150410082832966	0.0424446152808432	0.0220945270219264	0	0	0	0.1	0.11070126219802	1.051109347897
TCGA.2L.AAQA.01A.21R.A38C.07	0.0154939626976328	0	0.00334106689943519	0.0415021981794729	0	0.183782349787643	0	0	0.0204363502564672	0	0	0.0174555120664071	0	0.471946459488218	0.0325004314162032	0.153902627706466	0.0299987333745522	0	0	0.0296403081275024	0	0	0.08	0.202167000525074	1.0412042408269
TCGA.IB.AAUT.01A.11R.A37L.07	0.0866689946557014	0	0.0534512031900248	0.179202718126842	0	0.21015506538396	0.019176521956474	0	0.0196314829932436	0	0	0.0209001857880299	0.00538977947156916	0.0898289366730093	0.0548123681600485	0.11600803209231	0.0502043842667008	0	0.0892091184159311	0	0	0.0053612088261551	0.0600000000000001	0.256057632031424	0.978246064669247
TCGA.FB.AAQ6.01A.11R.A41B.07	0.0405063262334969	0.0876526279662024	0	0.0476259538539177	0	0.154981581368205	0	0	0.125622391389037	0	0	0.0852941560284723	0	0.265324834763395	0.0733989126954821	0.0495422538200825	0	0	0.0667807036614965	0	0	0.00327025822021181	0.08	0.169282360820574	1.02298847414982
TCGA.S4.A8RM.01A.11R.A37L.07	0.0828579030686288	0	0.00260559112244027	0.110725068816191	0	0.396527214329649	0.0219446715373573	0	0	0	0	0	0.00496209967558768	0.0607521126069982	0.030044220308736	0.154313239097116	0.0909710919826957	0.00869482105090408	0.0356019664036961	0	0	0	0.16	0.0877812303397672	1.05648386516184
TCGA.HZ.7918.01A.11R.2156.07	0.0855052315019079	0	0.00985643563616402	0.140218164502579	0	0.278028766920218	0.02462577530671	0	0.00799157436667649	0.00849963376714463	0	0.00607364879132685	0.0018453983633979	0.0651357975279054	0.117058580060555	0.116597428981609	0.0598662940491931	0	0.0686340236057483	0	0	0.0100632466188646	0.1	0.148782825345814	1.0271487619271
TCGA.2J.AABU.01A.11R.A41B.07	0.0911959348521515	0	0	0.149150238812026	0	0.217959789092848	0	0	0	0	0	0.026320729275744	0.0180671554708557	0.222776047992368	0.0204054066973596	0.173867994646049	0	0.0228570062346152	0.0573996969259833	0	0	0	0.08	0.209050728271626	1.00336816490537
TCGA.FB.A545.01A.11R.A26U.07	0.0326524337111941	0	0.0243029213575115	0.00650494224832772	0	0.158369494616089	0	0	0.0292348812819873	0	0	0.0416842206398486	0	0.543845152193564	0.0188559170038829	0.0355293165262152	0	0	0.10902072042138	0	0	0	0.04	0.298376854140025	0.988012485137132
TCGA.US.A77J.01A.11R.A32O.07	0.433527963133154	0	0.106038559225091	0.136318951546229	0	0.0395516564961429	0.0241325997294002	0.010954550833401	0.0412901383014089	0.0143867716123074	0	0.00232120342614695	0	0.0675228736569732	0.010158017795348	0.077783311015939	0.0257352110427878	0.00832625087775975	0	0	0	0.00195194130791064	0	0.602172884122719	0.797615533604689
TCGA.3A.A9I5.01A.11R.A38C.07	0.22417889913255	0	0.0902488706719349	0.0731682213852113	0	0.0915875756186174	0.00553459692978214	0.0333781150317575	0.0500894092254928	0	0	0	0	0.233266343819973	0.0101067050332675	0.122170062028841	0.0125665883538145	0.0026851833456789	0.0252526613611287	0	0	0.0257667680619507	0.02	0.361006850028308	0.938426260611521
TCGA.3A.A9IS.01A.21R.A39D.07	0.0523526884829172	0	0.0326398608231334	0.0843977798728792	0	0.0644700962065465	0	0.010092429944631	0	0	0	0.150570592933324	0.0775077250747369	0	0	0.384027091394645	0	0.0781755685580825	0	0.0458791430299593	0.0198870236791457	0	0.64	-0.00439507346462411	1.09689568103258
TCGA.3A.A9IX.01A.11R.A41B.07	0.155996815911474	0	0.0349147481143086	0.125061764785296	0	0.131222117314989	0.00734202427995259	0.0215732025541521	0.0483228161864684	0	0	0.0156209525835297	0.0623181597653956	0.0254103561884563	0.00100731770440692	0.100749052919077	0.122296493027557	0.0697409962587457	0.0700546844776029	0	0	0.00836849792858779	0.02	0.41488277185111	0.909503232024505
TCGA.IB.AAUQ.01A.22R.A41I.07	0.0757336053386857	0	0.0832327371592893	0	0	0.14667452074512	0.00889595120923853	0	0.0424474745828477	0	0.0175140475941925	0.00490717006183666	0	0.436783177841579	0.000665921654117604	0.0900256429563423	0	0	0.0931197508567508	0	0	0	0.08	0.213215517211992	1.01840838470441
TCGA.LB.A9Q5.01A.11R.A39D.07	0.00816268299643171	0	0	0.0574973236818773	0	0.162867684852135	0	0.00320705785064707	0.0186235284019637	0	0	0.046692999452326	0.0348603681633791	0.185387371664527	0.0364083112473683	0.168102114906395	0.10384707581776	0.007835102571263	0.0743471217343858	0	0.00178366203204632	0.0903775946274948	0.08	0.220668458027951	0.995629190620846
TCGA.XD.AAUG.01A.61R.A41B.07	0.120093845333906	0	0.0940434492189923	0.0621095118879343	0	0.284754048788434	0.0255451042907054	0	0.00715486966715541	0	0	0	0.0839960968737838	0.0164901917011833	0.0161576784986439	0.123042257527252	0.0452179781519996	0.0344807488301925	0.0864220300605646	0	0	0.000492189169253802	0.02	0.384210622807271	0.922810421592645
TCGA.Q3.A5QY.01A.12R.A32O.07	0.258709657411905	0.0224518064474584	0.0844371183887161	0.118438454579674	0.0499566558755583	0.0623034799902056	0.0507403896697998	0.015626255549667	0.0961120078613614	0	0	0.0168545542483843	0.0100206469357799	0.0889972612690935	0.00440142977135063	0.0692647619311392	0	0.0354564241918027	0.0162290958781041	0	0	0	0	0.484526092662714	0.874026342130349
TCGA.XD.AAUH.01A.42R.A41B.07	0.223750296923535	0.0301088922720436	0.0287957729406944	0.136488789932194	0	0.220818432414736	0.00779981875376234	0	0.0440300979643572	0	0	0.045693608636238	0.00358814383351292	0.0307565995847753	0.0151180687169812	0.12523101663183	0.0248915818252657	0.000383298888365868	0.0597315450389357	0	0	0.00281403564277311	0.02	0.456514935571935	0.888934475226077
TCGA.S4.A8RO.01A.12R.A37L.07	0.0135254697745818	0.0203785165707508	0	0.0433323308733433	0	0.0844624099867389	0.00949854012415437	0	0.00793520671738199	0	0	0.00564161402224813	0	0.391656787766419	0.025385468464946	0.293244011812572	0	0.0377780993816563	0.0671615445052073	0	0	0	0.02	0.359118604243161	0.950107725722388
TCGA.2J.AABE.01A.12R.A41B.07	0.0376134028442766	0.00755928694706894	0	0.0306955362857425	0	0.119090326586176	0	0.015139505692275	0.0315522660956039	0	0	0.00881787674607471	0.0826641411456961	0.169363534297273	7.27263656376107e-05	0.26033093265995	0.0875420666459859	0.0245655052849861	0.0575665940603471	0	0.0362828689986509	0.0311434293442552	0.0600000000000001	0.277008876330816	0.97168131786021
TCGA.FB.A4P5.01A.11R.A26U.07	0.243510027522497	0	0.0986025656196081	0.199153987051775	0	0.12154446148445	0.0139770441041408	0.0267685953263299	0.0337806514877801	0.00736266353965603	0	0	0.0023159638416591	0.0602620103138738	0.0439291715658016	0.0801792885842325	0.0408158004554844	0.00916547627856308	0.0186322928241495	0	0	0	0	0.480849239079488	0.876020897555333
TCGA.3A.A9IU.01A.11R.A39D.07	0.0478859891398842	0.0252658518515181	0	0.0405173812890448	0	0.100925197630857	0	0.0049826563290662	0.0295082341512513	0	0	0.0278673210722022	0	0.530101903198784	0.049428712156747	0.0788626898684278	0	0	0.0646540633122168	0	0	0	0.1	0.152153553236898	1.06781437258513
TCGA.3A.A9IV.01A.11R.A41B.07	0.00429256171143509	0	0	0	0	0.281910859063557	0	0.0133225597276087	0.00021074588227639	0	0.0171109055084052	0.0787134529297432	0.0150820292562276	0.35902820163114	0	0.194564559402905	0	0	0.0344074214738269	0	0.0013567034128754	0	0.26	0.0633437678627928	1.09153630693873
TCGA.PZ.A5RE.01A.11R.A32O.07	0	0.041364962721404	0	0.0322852396994984	0	0.0835599168689358	0.00342072277889065	0	0.0572557632645857	0	0.00345102618431862	0.000952424136053225	0	0.27226507095869	0.00832426055800494	0.302325299990285	0.107054001613649	0.0117591586069042	0.060329634213712	0	0.00382682340486799	0.0118256950001997	0.02	0.40210468247824	0.919157703009658
TCGA.HZ.8003.01A.21R.2204.07	0.0864659709667687	0	0.0409748512136924	0.0834767924167388	0	0.228467386947661	0.0329488477219543	0	0.0101301181770209	0	0.00512301331941982	0	0.0245769229201426	0.169263056607599	0.0693613843845083	0.139154587946331	0.0265060371548952	0.00587113091325705	0.0575124882092239	0	0	0.0201674111007868	0.04	0.333515583700327	0.944531500085098
TCGA.IB.7893.01A.11R.2204.07	0.0299536011044581	0	0.00063945766426203	0.0292166752524193	0	0.210980499098747	0.0120470375368568	0	0	0	0.0158738318340626	0	0	0.421265517801551	0.0109250427022758	0.192830769204697	0	0.0193758651125437	0.0562875252862961	0	0	0.000604177401830934	0.02	0.405446667375797	0.921607121215569
TCGA.HV.A5A3.01A.11R.A26U.07	0	0.0502039376489225	0	0.0300259373181928	0	0.214171728599828	0.00263582359271904	0	0.0462000749075951	0	0.0105261667910847	0.0183043284926452	0	0.220367641912552	0.0286699302643917	0.286539194602958	0.0370316963750167	0.00757791030795343	0.0416080429631163	0	0	0.0061375862230237	0.1	0.124456601511455	1.04282524760103
TCGA.FB.AAQ0.01A.31R.A41B.07	0	0.0422647579038919	0.00216603883129626	0.000561568135091785	0	0.269337930804068	0	0	0.0531963854189129	0	0	0.100923473309043	0	0.33638574118194	0.00499424646707376	0.0893511473733275	0	0.0317091743631038	0	0.0688846843601577	0	0.000224851852094082	0.18	0.0797626857139024	1.07820423647655
TCGA.YY.A8LH.01A.11R.A36G.07	0.0621502210373619	0.00206547838560915	0	0.131293597552109	0	0.256186991388515	0	0	0.0226890828749076	0	0	0.0577374661265407	0.0184590565454223	0.175285715340197	0.012733780206811	0.0588498250429004	0	0.077009137039784	0.125539648459841	0	0	0	0.1	0.113194413169736	1.04207015138503
TCGA.XN.A8T3.01A.11R.A36G.07	0.0385866308085719	0	0.00445713465656226	0.215476672422887	0	0.125534355716545	0.0314617576580297	0	0.00725667471492791	0	0	0	0	0.154163789603265	0.0923879096858607	0.228316004051744	0.0571237681184244	0	0.0452353025631817	0	0	0	0.0600000000000001	0.253559195005846	0.982713968739256
TCGA.HV.AA8V.01A.11R.A41B.07	0.0521978362646232	0	0.042111762814589	0.0659142531831885	0	0.14276137731914	0.00647513596596503	0	0.0418458059435216	0	0	0.0192073480788276	0	0.32447707938594	0.0149208830652038	0.170784815176459	0.0378161275129647	0.00427072822912821	0.0591966335930611	0	0	0.0180202134673888	0.08	0.2128475383854	1.0068030748211
TCGA.IB.AAUS.01A.12R.A38C.07	0.113988837436409	0	0.00238622977677055	0.0861463783836714	0	0.0819951056035741	0.0138532521664349	0	0.0240562256938968	0	0	0.00814836938879967	0.00471138469730959	0.234490429914114	0.0101089872206379	0.24667516433761	0.0308369310317995	0.0180005342319152	0.0952232203111567	0	0	0.0293789498059005	0.02	0.428636417761519	0.903054353924515
TCGA.XD.AAUL.01A.21R.A39D.07	0.020055861109973	0	0.000969843656432796	0.0466400596279365	0	0.193537015630984	0	0	0.0687859472066838	0	0	0.0173815530838933	0.00564029811669455	0.149778565791521	0.0244441965374568	0.232761936053023	0.110338693601618	0.0118856578410782	0.0571788425406276	0	0.00355079060169094	0.0570507386003866	0.08	0.21614437632197	0.996553989984966
TCGA.IB.7646.01A.11R.2156.07	0.0317807321571299	0	0.00348241026382021	0.0576831650704319	0	0.154663994963704	0.0679338070971044	0.00422612872831548	0	0	0.0119623179648601	0	0.00538762112543416	0.0232874496294213	0.112293806552527	0.203605667276707	0.0246776151211736	0.129922987306249	0.0632244878909671	0	0.0423608581865659	0.0635069506655884	0.0600000000000001	0.2444664796164	0.984332825561167
TCGA.IB.7654.01A.11R.2156.07	0.101609018607531	0	0	0.050443080309309	0	0.158378015686826	0	0.000387022992982662	0.0242465361337502	0	0	0.0214660105564346	0	0.17804912786462	0.0883507813611444	0.220798955317509	0.0403672429405386	0	0.115180020872125	0	0	0.000724187357230058	0.0600000000000001	0.237424507338446	0.986608159471633
TCGA.F2.A44G.01A.11R.A26U.07	0.00357031471455859	0.0164280398804508	0	0.0597555182408535	0	0.226842952671909	0	0.00588096911708033	0.0189214571226839	0	0	0.0403341375590077	0.0122578426299674	0.203435821578368	0.0765401408733302	0.145709253536231	0.0675481199926937	0.00169275457405749	0.0727977449095803	0	0.00444011017870107	0.0438448224205276	0.26	0.0610580525696113	1.06132832661541
TCGA.HZ.A9TJ.06A.11R.A41B.07	0.121450292294211	0	0	0.0642881291655662	0	0.119418445059634	0	0.0014355604766903	0.00338472255763515	0	0	0.00737145368958514	0.0381141434462191	0.270507205354177	0.0383082334091333	0.335721814547149	0	0	0	0	0	0	0.1	0.136794126553802	1.05075321026558
TCGA.FB.AAPQ.01A.11R.A41B.07	0	0.0457959162119156	0.00391862267935796	0	0	0.0353055602933479	0.00411048671450684	0.019242767553303	0.0225330370091255	0.0169851723912805	0.0970676696872421	0	0	0.554433343292617	0.0303398416158764	0.0486541482037071	0	0	0	0.12161343434772	0	0	0.12	0.102719852218467	1.11062964411454
TCGA.2J.AABA.01A.21R.A41B.07	0.146025995084138	0	0.103761841181295	0.118831194844164	0	0.253028101329777	0.0221344808803335	0	0.0508024961464018	0	0	0.00311995061980088	0	0.0918458418152471	0.00893462196929109	0.0933344854682235	0.00794636173372442	0.0242300927986352	0.0760045361289692	0	0	0	0.04	0.324076387846425	0.953441262156809
TCGA.2J.AABP.01A.11R.A41B.07	0.00323723841383503	0	0.010551149008926	0.101536955483889	0	0.0814900413152393	0.0674074495477921	0.00720925195661083	0.0146744085044322	0.0248202543733149	0	0	0	0.257419628357126	0.0624829232900135	0.327638023076993	0.00353006970959668	0	0.035409516452139	0	0	0.00259309051009295	0.36	0.0326390277371518	1.09153666843517
TCGA.IB.A5SO.01A.11R.A32O.07	0.0774927253536207	0.0536965575970018	0.00383289700372243	0.100863288164138	0	0.140426622499437	0	0	0.0423266353563864	0.000500416377822436	0	0.0169337826354617	0	0.319700285584567	0.0302403159511	0.150006349880629	0.006423621126164	0.0155073266001997	0.0420491758697491	0	0	0	0.0600000000000001	0.228815987162868	0.9995682961193
TCGA.Q3.AA2A.01A.11R.A37L.07	0.0361755161710595	0.012605483462208	0	0.0114494221256641	0	0.128921390620441	0	0	0.0152183124716273	0	0.0125143661870919	0.010769743086696	0	0.449964350323141	0.0166332810352315	0.234950452119548	0.0226140610008855	0	0.0451178752115353	0	0.00306574618487085	0	0.04	0.294217842986921	0.990342290335435
TCGA.HZ.A8P0.01A.11R.A36G.07	0.107081198028044	0	0.00907065698043918	0.0626301680242859	0	0.156849739987543	0	0	0.0627692599975047	0	0	0	0	0.437853957529109	0.0235145147753673	0.0810475745846459	0	0	0.000278252452712454	0.0221109797971289	0	0.0367936978432194	0.1	0.155054275111744	1.05141828727384
TCGA.US.A774.01A.21R.A32O.07	0.080269380655871	0	0.0570858166683824	0.110270488911604	0	0.0733053334317629	0.00221817597812116	0.0104955221450265	0.0503652771931979	0	0	0.026555914016179	0	0.151145717833363	0.102039883728913	0.138621907884174	0.0665292285831812	0.00432411042962485	0.111830117291586	0	0	0.0149431252490119	0.08	0.208163960450507	0.995717113087932
TCGA.IB.7890.01A.12R.2204.07	0.0507200427028169	0	0.0342906782105185	0.0214468978813845	0	0.0831135415057802	0.012679402126053	0	0.0125802580578393	0	0.00262477653092505	0.0027549896718839	0	0.402410158221326	0.018333893839305	0.213996052858307	0.0543419893140859	0	0.0902958975768064	0	0	0.000411421502969029	0.0600000000000001	0.261665863189795	0.998047562079807
TCGA.HZ.8519.01A.11R.2404.07	0.0593716990843443	0	0.00976145651346151	0.193878185543073	0	0.186136659212291	0.00424028930864858	0.0109681815773517	0.00142584179115745	0	0	0.0114932983735534	0.014585012845316	0.133608170195109	0.0607109795836983	0.155679409689699	0.0691892227251827	0	0.0889515935571144	0	0	0	0.0600000000000001	0.270122575771555	0.972320625427494
TCGA.IB.7886.01A.11R.2156.07	0.0215071159834315	0	0.00786987702574882	0.086123297322119	0	0.250409490776877	0.0638076766746759	0	0.00361847570030096	0	0.0125584040892087	0	0	0.106067380350994	0.129241016881853	0.204383039626401	0.0475515018489569	0	0.0588785538750917	0	0	0.00798416984434119	0.08	0.17143538021023	1.01628533324354
TCGA.FB.AAQ3.01A.11R.A41B.07	0.00211306552997205	0.00214380645827038	0	0.0552829545413595	0	0.193941004844136	0.0173573615813856	0	0.029955745967709	0.0419246318373892	0	0	0.0221358545943533	0.125493199264855	0.103766703213252	0.307792857599431	0.0425419211026666	0.0125596030788121	0.0315230792753172	0	0.010753150614616	0.000715060496475764	0.0600000000000001	0.283070937363673	0.971249000784217
TCGA.HV.A5A4.01A.11R.A26U.07	0.049674084907835	0	0.00270558534292737	0.0482930720578196	0	0.163096360436439	0	0	0.0105829509863451	0	0	0.0158355768831439	0	0.385099521883421	0.0672662938312965	0.130416212485036	0.0491705517318373	0.0157833648415148	0.0580867713172612	0	0	0.00398965329512374	0.08	0.172488159544955	1.03467305564027
TCGA.IB.A5SP.01A.11R.A32O.07	0.00564322422217706	0.0158662045559148	0	0.0381789884026911	0	0.206822588945539	0	0	0.020807479718742	0	0	0.0418505963669039	0	0.204468678804693	0.036945411835673	0.21218049938735	0.0980639571562308	0.00930032325038653	0.109872047353699	0	0	0	0.1	0.158561413561066	1.02182584741663
TCGA.HZ.8636.01A.21R.2404.07	0.0214647134691994	0	0.00324504280237225	0.031243713760383	0	0.243467639119866	0	0	0.0221123182985208	0	0	0.00146393205683404	0.0622775447007652	0.198291535455377	0.0659344250501966	0.16423316301884	0.125754321002507	0.00453372672654241	0.0424231937146962	0.000125104606807397	0.00277216486689324	0.0106574613502003	0.1	0.164554472649146	1.0193736717753
TCGA.3A.A9IL.01A.11R.A38C.07	0.0284979259154674	0.00572427665175061	0.0286500933606485	0.0568622543022121	0	0.25801975458737	0	0	0.0298197185926776	0	0	0.0459675550313192	0.0607366922639453	0	0.014110109506879	0.244381369884309	0.0918977549921424	0.024946435032045	0.110386059879234	0	0	0	0.34	0.0420246939111011	1.05555808177112
TCGA.FB.AAQ2.01A.31R.A41B.07	0.25622053835736	0	0.0116498862987742	0.133102763008729	0	0.0605803387483567	0	0	0.0408236526652812	0	0	0	0.0126818551602934	0.311226453810136	0.0368980661307534	0.128414450602131	0	0	0.00636670569377673	0	0.0020352895244086	0	0.0600000000000001	0.285341230797469	0.978734137058098
TCGA.FB.AAPY.01A.11R.A41B.07	0.14388997545371	0	0.0236728416545887	0.0881578248788653	0	0.149364404857724	0.00088454593783454	0.0322480717339134	0.0854774722022859	0	0	0.0185982701943505	0.00218615924829377	0.0793671305892695	0.0255996476045052	0.165971134334511	0.0765046524993901	0.0302678324773621	0.068558108668533	0	0	0.00925192766486339	0.02	0.385285352536969	0.922099210129306
TCGA.IB.7888.01A.11R.2156.07	0.174625038740006	0	0.118333666587916	0.0943632129864204	0	0.195267703428542	0.021653792280284	0	0.0211686579405429	0	0	0.00957702788740548	0.0273022525691463	0.0156415340618604	0.0117771783744659	0.133434407413965	0.0414612951319088	0.00480454279532258	0.0864736140513766	0	0	0.0441160757508379	0.02	0.417047191800116	0.908244751722037
TCGA.3A.A9IH.01A.12R.A39D.07	0.0659557258382943	0.0196297845324017	0	0.0582950256857919	0	0.153786662852576	0	0.0228862856267008	0.0364063513525401	0	0	0.00646317068876059	0.00448713843703535	0.13141494313805	0.0801265992430375	0.220610945710179	0.127087516592506	0.0412944337321031	0.0263906403437436	0	0	0.00516477622627996	0.0600000000000001	0.226599333987367	0.991466020066171
TCGA.H8.A6C1.01A.11R.A32O.07	0.0540907694893144	0.0497805726940101	0	0.0437049660610018	0	0.154566356426525	0.0003410612236012	0	0.0759904566150239	0	0	0.026690355268844	0	0.0332178046549634	0.0141803483139679	0.189602845142574	0.145172809320481	0.0640723713452253	0.117459514799585	0	0	0.0311297686448826	0.08	0.168500880375312	1.00609273900424
TCGA.HZ.A49H.01A.11R.A26U.07	0.0964747033309767	0	0.0399912197337524	0.142266548759015	0	0.192072851869377	0.0615662567294039	0	0.035920359731596	0.00901516822567824	0	0	0.0386043424302534	0.00296172352606855	0.0528281860487604	0.141447955866915	0.0632756768122242	0.0180592169536006	0.0893244211734081	0	0	0.0161913688089703	0.0600000000000001	0.271425961143639	0.968733243297731
TCGA.3A.A9IJ.01A.11R.A39D.07	0	0.00185557019736481	0.00791687107788904	0.0420216072076775	0	0.172747358203553	0	0.00871641202187744	0	0	0	0.126318488608214	0.156845320180329	0	0.0217494756667648	0.335639274561839	0	0	0	0.118962844899699	0.00722677737479309	0	0.54	0.0082885907966694	1.09647901369972
TCGA.HZ.A4BK.01A.11R.A26U.07	0.0252576066535026	0.00910276907314325	0	0.0913692557815571	0	0.0973345835214397	0.0122656336929491	0	0.0744328275181403	0	0.0116701944200008	0	0.0321314521995948	0.356915539072817	0.0277414127248193	0.158588537383425	0	0.00964722853904395	0.0935429594195666	0	0	0	0.1	0.133061563887971	1.04655673641817
TCGA.IB.7652.01A.11R.2156.07	0	0.0102946125598907	0.00207006584299168	0.0265772932442854	0	0.109386891214881	0.00959425762700716	0	0.0102865716767235	0	0	0.0337255849968815	0.207255622850352	0.158891705716627	0.0141695499485237	0.228156852894269	0.0879955115171061	0.00266042301964043	0.0899473850840771	0	0.00898767180674406	0	0.1	0.149508918763165	1.02705517177328
TCGA.F2.A8YN.01A.11R.A37L.07	0.036193425527093	0	0	0.0422732272654149	0	0.158106431845763	0	0	0.034965263116216	0	0	0.0277907999195423	0.0481300929498039	0.260694051950681	0.00158088539875083	0.192132726708353	0.100303230593943	0.0177699732015607	0.0524196560804825	0	0	0.027640235442396	0.08	0.206792276999853	1.006738284819
TCGA.IB.AAUP.01A.11R.A37L.07	0.307612993465591	0.0354521085187651	0.0629814095485576	0.0761292752617124	0	0.222462603710605	0.0207309462035804	0.0046945208919462	0.0438285148821405	0	0	0.00864869964971922	0	0.0841630294035069	0.0149894461555975	0.0730832319874953	0	0.0114545126613602	0.0337687076594226	0	0	0	0.02	0.467858842602792	0.884317211012296
TCGA.HZ.7924.01A.11R.2156.07	0.106248262122701	0	0.0320447442450151	0.0410329422315914	0	0.282290743301986	0	0	0.0332235764249678	0	0	0.0263310111777939	0.0174998016861586	0.0279498533074922	0.0191351716010407	0.154416012097766	0.000712425087442961	0.0204157212672886	0.238699735448756	0	0	0	0.08	0.174523439966833	1.01197930891048
TCGA.F2.7273.01A.11R.2156.07	0.0810449167976249	0	0.00816167878097934	0.0898157092363742	0	0.252853872860567	0.0300107995292793	0	0.00141040920939421	0	0.0108090190479597	0	0.036227830065399	0.0613224757909235	0.0428675761522356	0.262651291986062	0.0471451516586172	0.0033544406623614	0.0611257553404127	0	0	0.0111990728818099	0.0600000000000001	0.25714210705758	0.975653523309254
TCGA.HZ.7926.01A.11R.2156.07	0.388679376871694	0	0.0426705501713271	0.0787739324760828	0	0.186368215464291	0.0180520833731995	0	0.000558153900128996	0.00261703228981759	0	0	0.00914278758613318	0.0678210751779688	0	0.0688511054620427	0.0168328064961994	0.0414496298686223	0.0600889585300507	0	0.0131844649904903	0.00490982734195212	0.04	0.352452934698913	0.949301983737186
TCGA.2J.AAB6.01A.11R.A41B.07	0	0.0420280379245638	0.000730987094119245	0.0283906702320912	0	0.132169899302225	0.0073730624898177	0.0114684614551793	0	0	0.0111361648071256	0	0.00661562187184977	0.169554434656669	0.0614161262248427	0.370844818248492	0.0149768775103499	0.0256946908620054	0.0744344166539577	0	0.03489152755605	0.00827420311066152	0.0600000000000001	0.280397483176832	0.973889387806735
TCGA.HZ.8637.01A.11R.2404.07	0.0586577074752465	0	0	0.0856466920408489	0	0.146939258253707	0.0394450235624816	0.0165788258274847	0.0349795564905046	0	0.0067143591356681	0.00486219355968521	0.00396140605629753	0.167153203234106	0.156197298204035	0.140723866488824	0.051910955040312	0	0.0712943481964787	0	0	0.0149353064343193	0.1	0.12445006919511	1.03839885784738
TCGA.HZ.7920.01A.11R.2204.07	0.162753736194653	0	0.0324915808895919	0.165160783345599	0	0.201707291373204	0.0583537929658869	0	0	0	0.00952762363484394	0	0.044233639544107	0.00335700465318899	0.0349139512676222	0.145215541164118	0.0754242796211429	0	0.0627521925851902	0	0	0.00410858276085099	0.04	0.343549516731694	0.940469831070613
TCGA.HZ.8638.01A.11R.2404.07	0.130189504075985	0	0.116309839151282	0.192392255593818	0	0.0842351396639136	0.0961652375209046	0	0	0	0.007660013261434	0	0.00735970076695055	0	0.079871367974869	0.0724574528908454	0.0278442830356749	0.00710564758367114	0.113882857208407	0	0	0.0645267012722446	0.08	0.188516798360998	1.00887364171535
TCGA.2L.AAQE.01A.11R.A39D.07	0.146654591094023	0.0202981739204403	0	0.181983253019256	0	0.117458224727122	0	0	0.140283862897282	0	0	0.042556677729166	0.00367168857125893	0.221904026132512	0.0209250438538118	0.0678668372160537	0	0.0052625444718147	0.0311350763672592	0	0	0	0.04	0.294789297805663	0.969879912299599
TCGA.HZ.A8P1.01A.11R.A37L.07	0	0.0366604789186032	0	0.0661069614037461	0	0.282933178295596	0	0	0.0367890433658672	0	0.0323471669943871	0	0.00827377150974682	0.0679240007958494	0.0411828127914798	0.300277627909935	0.0493423012798138	0	0.0781626567349749	0	0	0	0.22	0.0745492360644017	1.0533384263483
TCGA.3A.A9IR.01A.11R.A38C.07	0	0.0246787766655546	0.00895158477700997	0.183029831861715	0	0.237955783291129	0	0	0.00821868404317066	0	0	0.0435350703310898	0.0267856097909691	0.0343457704523057	0.0706911656297962	0.0932421421995413	0.0179571859811059	0	0.241140888615596	0	0	0.00946750636101696	0.36	0.030971826205402	1.07931002197541
TCGA.2J.AAB9.01A.11R.A41B.07	0.0640574376320271	0	0.00997389183771379	0.124466047020302	0	0.153048053590754	0.0280263821995896	0	0.0526299292745376	0	0	0.0283278454714733	0.0292880927145336	0.0908704582655069	0.0345547063136146	0.189097643543516	0.0900992305276986	0.00295777281724351	0.0993956000126343	0	0	0.00320690877885511	0.1	0.158655009767418	1.01226142216668
TCGA.HZ.8001.01A.11R.2204.07	0.0916923526649506	0	0.103627946840991	0.111702789699027	0	0.140672255527135	0	0.0310438183040012	0.01088029550974	0.0141050574258151	0	0.0559199323191153	0.0328294519503352	0.0143334610304254	0.0201383291225302	0.16144869373554	0.0327621694636249	0	0.142455734765123	0	0.014331260009737	0.0220564516319092	0.02	0.428326604261999	0.903234425264838
TCGA.RL.AAAS.01A.32R.A39D.07	0.174967652061738	0	0.031385281480664	0.159462349967129	0	0.131584305785098	0.000605848641020902	0	0.0460900167773634	0	0	0.0477365256580074	0.0135934143595618	0.0506429166671818	0.0441177541106751	0.0588701143512074	0.152041108532434	0	0.0889027116079194	0	0	0	0.02	0.439891459931002	0.897688642450055
TCGA.2J.AABV.01A.12R.A41B.07	0.07281712134098	0	0.0500719949209114	0.281065934628514	0	0.0557129619259682	0.0264804251704184	0.00152287210508364	0.0340004415980477	0	0	0.054549519804043	0.11131841901878	0.0135410846043371	0.0198304162904208	0.0911947910486582	0.0830775879576765	0.00152951496319774	0.103286914622964	0	0	0	0.0600000000000001	0.230471255393384	0.988384491833648
TCGA.2L.AAQJ.01A.12R.A39D.07	0.184281084456496	0	0.0373301939006635	0.0956043751229459	0	0.123463385563687	0	0.0313389854659583	0.0356658450430927	0	0	0.0248850266800404	0	0.276771827618828	0.0640836067917634	0.0815608114746119	0.0216315967342333	0	0.0233832611476791	0	0	0	0.04	0.327638665032808	0.952328880191075
TCGA.M8.A5N4.01A.11R.A26U.07	0	0.00334452662917327	0	0.0344541377003472	0	0.149677128094754	0.00221610106048981	0	0.00637113886192015	0	0	0.0594620780469886	0.0218592125714534	0.240457312039679	0.0841391784745711	0.186294818288106	0	0.0515656293462943	0.0738151329454731	0	0.0463797737669295	0.0399638321738202	0.1	0.151345486071196	1.03170640370389
TCGA.HZ.A77P.01A.11R.A33R.07	0.0258461503532427	0	0	0.129574425341521	0	0.155639937714033	0.0110269475478379	0	0.0206414310665383	0	0.00602153975857491	0	0.0334275347343753	0.0466915075038998	0.0368184714541628	0.328524663814966	0.0825345993760825	0.00957862154950171	0.113674169785265	0	0	0	0.08	0.204679241914319	0.99804114664079
TCGA.HV.A7OL.01A.11R.A33R.07	0.253007978051159	0	0.0996550888598667	0.119211794141785	0	0.0185498765134885	0.00911086104780783	0.120242674568948	0.019583139034786	0	0	0.0481188147117356	0	0.0705092031469619	0.0334767384870578	0.0808570222946791	0.0321735695386123	0.0110567552042707	0.0629449280113556	0	0	0.0215015563874864	0.02	0.44838642373786	0.893293678887088
TCGA.HZ.A49I.01A.12R.A26U.07	0.0838455379804291	0	0.0114850279149041	0.0458407587781402	0	0.123821277798796	0.0168520734343004	0.00533618037154033	0.0199196305506486	0	0	0.00192997933587931	0.322381060065037	0.162636092887626	0.00396518769000299	0.116511895376531	0.00360807560096912	0.0308040555435216	0.0509261828251935	0	0.000136983846480202	0	0.02	0.382909432897747	0.924566007711522
TCGA.2J.AABK.01A.31R.A41B.07	0.193815990574535	0	0.0388411180549756	0.12627771557032	0	0.0854400899547166	0.00822948899519692	0.0208225790312755	0.0451299285044895	0	0	0.0292136675116885	0	0.125857863005845	0.0780517147524049	0.130623873428976	0.0264850547910645	0	0.0858771417486567	0	0	0.00533377407585586	0.04	0.316624792028347	0.953052397711947
TCGA.FB.A5VM.01A.11R.A32O.07	0.116259589059216	0	0	0.105092449762239	0	0.100007332906565	0.00244879152486983	0.0312303578631905	0.0157566168000254	0.00908110463436829	0	0.0088513825547528	0	0.294705923520989	0.0173864448940764	0.182141942294819	0.035102800157451	0.041846388183191	0.038930984255117	0	0	0.00115789158912914	0.0600000000000001	0.262439373995161	0.982709332163658
TCGA.IB.7887.01A.11R.2156.07	0.0402412013056373	0	0.0056469786490765	0.174845011802609	0	0.182556804664181	0.0363831614142756	0	0.0249581754929681	0	0	0.0380473183725398	0	0.0506195936404003	0.0763478951563308	0.108792216598706	0.0747992470528504	0	0.0940193426975013	0	0.0240837559451191	0.0686592972078052	0.12	0.094540239858094	1.04216924573991
TCGA.HZ.7925.01A.11R.2156.07	0.0167564924786464	0	0	0.0334563691404279	0	0.193535485728272	0.0133372980903545	0	0.0239495695122776	0	0	0.00418265170588803	0	0.176953806043856	0.0199424928176534	0.271322013923111	0.0216209640005431	0.0312845675569459	0.0495974825556913	0	0.0789062123719725	0.0651545940743608	0.1	0.11059444631157	1.04387648104364
TCGA.IB.7644.01A.11R.2156.07	0.00419011052835412	0	0	0.088791520554456	0	0.257219198972354	0	0	0.0459574299344505	0	0	0.06135615877371	0.0114062457650786	0.0397244228031917	0.0205452091081255	0.106866550762743	0.172107681082974	0.0239603085983501	0.148737485475018	0	0	0.0191376776411954	0.1	0.151209207768865	1.02027148511008
TCGA.2J.AABT.01A.11R.A41B.07	0.0400402496270168	0	0	0.067767720731479	0	0.20417803628517	0.0315182448595943	0	0.0556070710955515	0	0	0	0.0523726139092071	0.138837200550304	0.0320144184886126	0.247322876734632	0.0422973124471916	0.028167111265163	0.0480499677468177	0	0.00728004295353738	0.00454713330572296	0.04	0.347496366276457	0.939203147722623
TCGA.US.A77E.01A.11R.A32O.07	0.0586469386360501	0.0504203798426163	0	0.0549443229591056	0	0.157368891359794	0	0.0054198903405828	0.0412201098245729	0	0	0.0241653015657979	0	0.29962234855788	0.0492015696567624	0.193760053701437	0	0	0.0461631076073346	0	0	0.0190670859480657	0.1	0.148863952896978	1.03470500075274
TCGA.F2.A44H.01A.11R.A26U.07	0.037518555421464	0	0.00392562395284369	0.0258975482509957	0	0.0830604758549733	0	0	0.0117806590197674	0	0	0.0108956139271358	0.032365226816279	0.525875233753048	0.0167109898404867	0.155722591952714	0.0372875400383462	0.00480253902182355	0.0435098662424604	0	0	0.0106475359076632	0	0.541451134538981	0.842394659799068
TCGA.3E.AAAZ.01A.11R.A38C.07	0.0396097280894307	0	0.0060077769816382	0.0955084094086833	0	0.25027096066379	0.00764916355913874	0.0226560770148302	0	0	0.01487828938669	0	0.0102359263007688	0.142462041925486	0.0180399061366381	0.245393011307172	0.0664128227776979	0.00467481966934871	0.074441177017826	0	0.00175988976086221	0	0.12	0.0942020806949232	1.04605101984431
TCGA.IB.AAUW.01A.12R.A38C.07	0.307811415518524	0	0.0222227320854064	0.0825072605380099	0	0.156624461969632	0.0049104795428124	0.00410154232992987	0.00588683261652834	0	0	0.0347351799213722	0.00810176588396502	0	0.07330925044494	0.12585698212637	0.0475943094592397	0	0.115853125295199	0	0	0.0104846622680705	0.02	0.359207747144705	0.937364871580578
TCGA.IB.A5SQ.01A.11R.A32O.07	0.0541391010054887	0.0177998615971494	0.00585103952168031	0.0405127406065736	0	0.103519885052062	0.00978198414720341	0.00536713330580386	0.0313458315167002	0.0197196550776572	0	0.0133502574407546	0.00177718738074756	0.372493034764823	0.010860886955543	0.16904053295151	0.054300513821631	0.0203655160187668	0.063356852475858	0	0	0.00641798636004661	0.0600000000000001	0.223740434678382	1.00821415227272
TCGA.HV.A5A6.01A.11R.A26U.07	0	0.00644356935631439	0.0073705742649319	0.0229615102642067	0	0.16745416963124	0	0	0.0189487650843103	0	0	0.0245367407126732	0.000168441269656897	0.607491000984963	0.0324598640781972	0.101300096812892	0	0.00690826519633441	0.00335674147288712	0	0	0.000600260871391975	0.0600000000000001	0.282561274453957	1.01961449766824
TCGA.IB.AAUU.01A.11R.A37L.07	0	0.0123006257944219	0	0.0282208766745329	0	0.19609687399914	0	0	0.0508840130880744	0	0	0.0255873063188489	0.14091378461712	0.103979944169284	0.0138544689156342	0.172095880766766	0.14863975188916	0.0430140250807856	0.064412448686232	0	0	0	0.08	0.218247399336717	0.991519506308966
TCGA.IB.A7M4.01A.11R.A36G.07	0.109591765836289	0	0.0231748815990366	0.192452229839185	0	0.1069541900183	0.00790111841369199	0.0186646028845893	0.0511312352149966	0.00992903099014667	0	0	0	0.278623220166541	0.0498413159050003	0.131088817197386	0	0.0191419724302479	0	0.00150561950458971	0	0	0.0600000000000001	0.228633895301683	1.00020495111926
TCGA.3A.A9J0.01A.11R.A41B.07	0.0433617546586744	0	0.0334711752919788	0.067210686347223	0	0.0780982534965408	0.0192571290788505	0.00959320886096065	0.0131257081166013	0	0	0.0101935146318288	0	0.464863674570291	0.0247190880441956	0.185299099259607	0	0	0.0425102761028705	0	0.0082964315403771	0	0.14	0.0910521192913911	1.09225367483454
TCGA.HZ.A77Q.01A.11R.A36G.07	0.213891276326231	0	0	0.04420166085938	0	0.171481628901961	0.0113657851262925	0	0.0243322821315356	0.0265507171998199	0	0	0.0320399959332849	0.149003247292644	0.0109835634693212	0.10347568740085	0.0300181206510706	0.0291181888548344	0.107669530365557	0	0.0192248271747596	0.0266434883124568	0.02	0.41024230704126	0.911339896682572
TCGA.HZ.A49G.01A.11R.A26U.07	0.0710416466232631	0	0.0102038646128078	0.0612917505942788	0	0.108098266015101	0.0194887502821086	0.00392292979191385	0.0455224119527728	0	0	0.00312039588422286	0.0510863427084002	0.412895306772273	0.0148031565084626	0.126232044466721	0.00846245861327302	0.0037362407728128	0.0600944344015879	0	0	0	0.02	0.448400461673165	0.894890055697595
TCGA.IB.A6UF.01A.23R.A33R.07	0.00877636625479171	0.00455110304873789	0.0128870662478403	0.0549039712088326	0	0.133331649800441	0.00298112758298538	0	0.000344355692195576	0	0	0.0433140602515117	0.121155528717844	0.166495107918383	0.0393165070631581	0.160107659687804	0.0424415278298213	0	0.132639571067465	0	0.0767543976281876	0	0.22	0.0756421920069486	1.04643373599421
TCGA.FB.A78T.01A.12R.A32O.07	0	0.010931497164826	0.00104587270534198	0.073193838006536	0	0.12771751384442	0.0120386749346836	0.00421830112602975	0.0370429480377476	0	0	0.0316687221307601	0.124927867181966	0.208879190732134	0.0451834949011936	0.140935996578198	0.132631479878664	0	0.046160998384004	0	0.00342360439349564	0	0.08	0.222410411436136	0.994122961937636
TCGA.3A.A9IZ.01A.12R.A41B.07	0.0125529722847288	0.0447283395387385	0	0.0504360671546179	0	0.256000964967722	0.0116135516483078	0.0440125621410459	0	0	0.00199083730251421	0.0527352873660327	0.00231128897744434	0.218639037469065	0.0811815386704671	0.0896105354242965	0	0.00533562778402719	0.0370102708929027	0	0.0157038681257492	0.0761372502523398	0.5	0.01203961448206	1.08673514184724
TCGA.YH.A8SY.01A.11R.A37L.07	0.000712876593873246	0.0463223482465115	0	0.0510357316871318	0	0.142789323235873	0.00382984790133975	0.00147325340705249	0.0580096384767404	0	0	0.000771287172561251	0	0.445311183493613	0.0100744815280288	0.197668261967976	0	0.00721108765812382	0.0164027519777323	0.0119354333793658	0.00645249327407638	0	0.08	0.191565213335893	1.04203982754276
TCGA.L1.A7W4.01A.12R.A36G.07	0.0814917194175345	0	0	0.0121908648111744	0	0.156599509509145	0	0.0463321011266415	0.0129965737017137	0.0176208767249356	0	0.0277132124248115	0	0.320995216033756	0.0368312004051079	0.163972148813427	0	0.0831312869961932	0.0340400987544406	0	0	0.00608519128111991	0.08	0.17094944998879	1.02717517548697
TCGA.2J.AAB8.01A.12R.A41B.07	0.0638023795075153	0.0110923849968323	0	0.078548446000523	0	0.181280125409965	0	0.0340351627320512	0.0574627783527689	0	0	0.0192946211322953	0	0.0983502179833486	0.0318803298769437	0.216727613128719	0.119393826864249	0.0392014277217922	0.0409570986180241	0	0	0.0079735876749711	0.08	0.168525712183561	1.01259954254176
TCGA.IB.A5ST.01A.11R.A32O.07	0.312167500037072	0	0.091821391756082	0.0540869755778153	0	0.147113955912338	0.0135693883501126	0	0.0269198188706332	0.000976020562402824	0	0.00670627306572324	0	0.182021852286552	0.00674174102775295	0.113288285876078	0	0.0105699662100608	0.00961441860470712	0	0	0.0244024118626697	0.02	0.449992088955822	0.894259375325582
TCGA.FB.AAPP.01A.12R.A41B.07	0	0.0227234434377042	0.0223216140134418	0	0	0.386402696955279	0	0	0	0	0.021126042874691	0.120026451116575	0.00270102900430586	0.00866550353216453	0.0319755507251062	0.16954708458018	0.0634229381706758	0	0.151087645589876	0	0	0	0.4	0.0271119420447877	1.07870390007393
TCGA.F2.6880.01A.11R.2156.07	0.0395049507788184	0	0.0149165882820367	0.149374555379826	0	0.100792719578465	0	0.00870603255997939	0	0	0	0.0757198916030552	0.0161758722984088	0.107048228700153	0.0391837377004491	0.138756963683903	0.0300700049555387	0	0.279750454479368	0	0	0	0.24	0.0657439903854346	1.05869808590198
TCGA.3A.A9IB.01A.21R.A39D.07	0	0.0220508042435589	0	0.0329847322286658	0	0.165184126739446	0.00126129596136998	0.00743981670397223	0.024642992023817	0	0	0.0215495978795439	0	0.244133309474809	0.066276843006271	0.276289989986048	0.0154754987239697	0	0.0914814467673973	0	0.0172076133892925	0.0140219328718383	0.04	0.350365011698813	0.941726426606802
TCGA.FB.A4P6.01A.12R.A26U.07	0.0347751318020037	0	0.00884722855791921	0.1653343536634	0	0.276120609169359	0.0100580335186306	0	0.0145638311377374	0	0	0.00955991218965645	0.0661826975350891	0	0.0189737359168126	0.20969300800232	0.0481939397797503	0.0207772159288443	0.116920302798477	0	0	0	0.26	0.0601641639800809	1.05794582424711
TCGA.2L.AAQM.01A.11R.A39D.07	0.0325378307010598	0	0.00367977372529648	0.132267947451824	0	0.018423108241863	0.0119987066119323	0	0.00729619046798202	0.0405589476711399	0.122505738746957	0.0906837596252953	0.0829374057745217	0	0.0553703657469827	0.198238795253921	0	0	0.187383218688778	0	0	0.0161182112924476	0.54	0.00885786962650723	1.09719831484952
TCGA.3E.AAAY.01A.11R.A38C.07	0.0607866587239145	0	0	0.108409997028723	0	0.165388333897964	0	0.0195038241872869	0.0285713975123554	0	0	0.037500328659626	0	0.100587244570607	0.0414069468597715	0.200870990644081	0.129856982885369	0	0.0570777410888306	0	0.00218558772390483	0.0478539662175675	0.0600000000000001	0.231254192570917	0.986637312715144
TCGA.2J.AABO.01A.21R.A41B.07	0.102239756092959	0	0	0.0694633836231803	0	0.234754086160293	0.0302630265327014	0	0.0681903848037402	0	0	0	0	0.200675758967882	0.0384918665358582	0.153093565170111	0.0219662725404109	0.0107536044423177	0.0701082951305454	0	0	0	0.0600000000000001	0.262384836608282	0.977153892800022
TCGA.IB.7891.01A.11R.2204.07	0.115779061593089	0	0.121206248667435	0.0956646067490153	0	0.17359139601539	0.0219551061054515	0	0.0289486220809394	0	0	0.0134684148403725	0.0194260568243063	0.0562348792105656	0.0807848885389513	0.127657599533937	0.04216445123545	0	0.0926656941217342	0	0	0.0104529744833628	0.02	0.410991231994789	0.91080928422759
TCGA.IB.8126.01A.11R.2404.07	0.0947929931034497	0	0	0.213508688684389	0	0.228681628439703	0.0292037530563248	0	0.00858232060065409	0.0847599672866857	0	0.00869698499317108	0	0.0274288837575287	0.0561326616130544	0.135648252629813	0.0166194899460875	0.0069975765574068	0.0829858504809815	0	0	0.00596094885075047	0.04	0.315548072532094	0.958668913557991
TCGA.HV.A7OP.01A.11R.A33R.07	0.26377210076931	0	0.108363860518579	0.150575729393263	0	0.0899095646136973	0.000807444429321604	0	0.00244172799791865	0	0.0624028449053241	0	0.00214868839784032	0.0641994509208289	0.00329779851879393	0.177815533054882	0.036875145178072	0	0.0373901113021689	0	0	0	0.02	0.35853886639842	0.941163555188193
TCGA.RB.AA9M.01A.11R.A39D.07	0.0595959848263466	0.00086762939469516	0	0.116369947275289	0	0.235897869570433	0	0.0345196314623577	0.0289883611207007	0	0	0.0303064927878224	0.056772953943746	0.129861845368321	0.0477321490846375	0.113008328106025	0.0977361778726048	0	0.0414725883418051	0	0	0.00687004084521562	0.1	0.116485617782757	1.03575077499449
TCGA.HZ.A4BH.01A.11R.A26U.07	0.0835393678159679	0	0	0.0832697176044686	0	0.155758128493104	0.0192143764856423	0.0256344866774951	0.0482609114035174	0	0	0.0266401268961171	0	0.169643999456953	0.114660016752756	0.0931907136757873	0.0760947297852336	0.0245663054532383	0.0792247460061735	0	0.000302373493546845	0	0.04	0.320735302370038	0.951079562367863
TCGA.IB.AAUO.01A.12R.A38C.07	0	0.0299595411740403	0	0.0777420080130379	0	0.197082293778423	0	0.0216608647164408	0.0152874597743024	0	0	0.111141485808769	0.0320178016446614	0.0669327925763754	0.0517771840455157	0.0909330278374879	0.0257876282226159	0.147827924999278	0.124126808179019	0	0	0.0077231792300329	0.08	0.173403536399736	1.01631921143649
TCGA.IB.7651.01A.11R.2156.07	0.0073809632810153	0	0.0397581701993786	0.158442795501918	0	0.123669540930898	0.0907294704205521	0	0.0352953144178827	0	0.00262872522629675	0	0	0.109761139690545	0.132429734384494	0.198306629406877	0.0127346280005186	0	0.0868137270526706	0	0	0.00204916148695286	0.24	0.0724516522234197	1.05454960595769
TCGA.F2.6879.01A.11R.2156.07	0	0	0.000233097179172628	0.0638798536984621	0	0.267862132569085	0.0080088472803302	0.0153809585257579	0.00101492668657669	0	0.00820061872320627	0	0.00974142750428238	0.168188080206834	0.087706139751479	0.175006893325533	0.0749756996371293	0.0332041629242055	0.0388013419096057	0.0350562539131641	0	0.0127395661651762	0.08	0.170051985669319	1.01937390481612
TCGA.IB.7897.01A.21R.2204.07	0.0572232386154797	0	0.00672501273828451	0.147178286977035	0	0.347752674066976	0.0434823754515362	0	0	0	0	0	0.0366916218842087	4.92312490288206e-05	0.0363904086982814	0.157946647209557	0.0943714637317722	0.0197313747630275	0.0396312739197011	0	0.00234660625235963	0.0104797844427522	0.08	0.2175263563963	0.998237318232782
TCGA.IB.AAUM.01A.11R.A37L.07	0.0737471160011993	0	0	0.158276263673322	0	0.187296449688644	0.011485297261111	0	0.0391514802558515	0	0	0.0116464820413284	0.021881617944866	0.239485223663881	0.0246596637877327	0.173233440630962	0	0.0100035219743702	0.0491334430767329	0	0	0	0.0600000000000001	0.260644808364773	0.981775058146773
TCGA.F2.7276.01A.11R.2156.07	0.153557431101999	0	0.00101257642243695	0.0302096292588181	0	0.218898016049161	0.044052462065051	0	0.0186447527759696	0.0395391887368725	0.00768961430259566	0	0	0.229362142584097	0.0708948315654925	0.13246818889468	0	0	0.0177142832677899	0.0199551185336932	0	0.0160017644413434	0.04	0.328644174987874	0.949183194133037
TCGA.2L.AAQL.01A.11R.A38C.07	0	0.0330379201243247	0	0.136342921218039	0	0.147998863652282	0.0157413229526674	0	0.0155419261954454	0	0	0.0255868441792515	0.00527606596037438	0.204133415462739	0.0650088646577049	0.170379683333054	0.0754768535618693	0	0.0974412298117382	0	0	0.00803408889051016	0.0600000000000001	0.227678716562707	0.991566771388582
TCGA.IB.A7LX.01A.12R.A36G.07	0.0565241282040807	0	0.0129942788970721	0.121282566475493	0	0.200940246146829	0	0.0399039738696156	0.000665846143982732	0	0	0.0125134545919793	0	0.259797160510402	0.0805697924085288	0.121186734094485	0	0	0.0925543679999668	0	0	0.00106745065756436	0.1	0.139683268606347	1.03403640063396
TCGA.IB.8127.01A.11R.2404.07	0.0374680767081512	0	0.0307136697163327	0.114858206731318	0	0.16415816986316	0.0198547521074699	0	0.0317584298930571	0.00115963230762472	0.00134158996579728	0	0.0271797068366023	0.207668245669389	0.0435176917584899	0.234324801734052	0.0260637801191529	0	0.0599332465894026	0	0	0	0.08	0.213286240796097	0.998654042365455
TCGA.IB.AAUV.01A.11R.A38C.07	0.110371917211758	0	0.00320434000696404	0.185756220777532	0	0.159200902161817	0.0199311862220457	0	0	0.0241234830615122	0	0.00294733366082486	0.0344186870086194	0.0590024699859797	0.0238972330773368	0.227773658345645	0.0998345315499045	0	0.0472068282969417	0	0	0.00233120863311827	0.02	0.357994376098054	0.934133924774132
TCGA.HZ.8317.01A.11R.2404.07	0.00766660905641974	0	0.0011576972196042	0.005592725557284	0	0.271948639608209	0	0	0.011272765084436	0	0.0246052119294793	0	0.0266975311502757	0.122789503163194	0.028772011545373	0.285915920912213	0	0.0237460538790574	0.102616561372333	0.039530113036817	0	0.0476886564853048	0.4	0.0259254253472087	1.07419582143453
TCGA.Z5.AAPL.01A.12R.A41B.07	0.32626278795572	0.10976183426071	0.0560281106515304	0.190837770600359	0.0035771566141	0	0.0725727366113853	0.0573893768095385	0.0560367814284257	0	0	0	0.00137638358321421	0.0543391528803164	0.0198317456484914	0.025564346859128	0	0.0253857568892923	0.00103605920778795	0	0	0	0	0.708715441028633	0.717476617807895
TCGA.LB.A7SX.01A.11R.A33R.07	0	0.0394891352526966	0.171795770494463	0.118399917448768	0	0.205765734344403	0	0	0.081457036192044	0	0	0.091296409514409	0.00533359240438853	0.119886346079584	0.0110990561441281	0.0886762258853799	0	0	0.0403148496979449	0	0	0.0264859265417918	0.0600000000000001	0.239997025731599	0.997412335937189
TCGA.HZ.A9TJ.01A.11R.A41I.07	0.107323324428311	0	0.00199532192878548	0.0556829623813492	0	0.258664231514628	0	0	0.0158891485382355	0	0	0.0110616585607221	0.0152177240157638	0.162091184854533	0.0723877427914226	0.189256075490568	0.00881701210036798	0.0128665906040144	0.088747022791299	0	0	0	0.08	0.182230687901747	1.00904904242591
TCGA.IB.AAUR.01A.21R.A38C.07	0.369833118198425	0	0.0394590967726258	0.147660578756374	0	0.114789558169506	0.0343270625021304	0	0.0612803448043971	0	0	0.0202945535421263	0.00483476673020274	0.0613297309458928	0	0.0585723725670827	0	0.0318777484638538	0.0525996580617356	0	0	0.00314141048564838	0	0.609075141439	0.797057323759928
