B cells naive	B cells memory	Plasma cells	T cells CD8	T cells CD4 naive	T cells CD4 memory resting	T cells CD4 memory activated	T cells follicular helper	T cells regulatory (Tregs)	T cells gamma delta	NK cells resting	NK cells activated	Monocytes	Macrophages M0	Macrophages M1	Macrophages M2	Dendritic cells resting	Dendritic cells activated	Mast cells resting	Mast cells activated	Eosinophils	Neutrophils	P-value	Correlation	RMSE
TCGA.WB.A80K.01A.11R.A35L.07	0.143462556126747	0	0	0.118948935887651	0	0.284862001244679	0	0.0280356511033006	0	0.0101399454791676	0	0.0602409635702632	0.0355720123051086	0	0.10149709007413	0.167276538727939	0.042540043069914	0	0.00742426241110012	0	0	0	0.08	0.0810602159275429	1.0642845962618
TCGA.QR.A70N.01A.12R.A35K.07	0.0517506015164544	0	0.0197026620508995	0.201872200115283	0	0.0896202287068764	0	0.013531350192432	0.0168631515279486	0	0	0.0865962460206373	0.0257887545445464	0	0.041050337781245	0.360984285615265	0	0	0.08829510949977	0	0	0.00394507242864202	0.0600000000000001	0.0864207086612566	1.05205610705424
TCGA.QR.A6GW.01A.11R.A35K.07	0.0234395077972055	0	0	0.0655532124592273	0	0.145143557708133	0	0	0.0107679792014188	0	0	0.0707710507560991	0.171503769091307	0	0.0341515503861862	0.285541643435541	0	0.0288208385914964	0.0556852123809655	0	0.10862167819242	0	0.42	0.021500851305311	1.0696649386927
TCGA.W2.A7H5.01B.11R.A35L.07	0.0253076253578069	0	0.000991871447434599	0.0646266751564778	0	0.267784548772452	0	0	0.0378492215048118	0	0	0.15225130004084	0.0166943642192564	0.0263704861705656	0.0274846009377628	0.234875482283392	0.00189140270045887	0	0.143872421408742	0	0	0	0.6	-0.000589504296514536	1.09711828322679
TCGA.WB.A818.01A.11R.A35L.07	0.0342712691621989	0	0	0.144227999698249	0	0.143212042668036	0	0.0209922241354827	0	0	0	0.0554120143083566	0.191122817349032	0	0.0684574322844953	0.280127159923442	0.0289226541720257	0.00117632667234761	0.0248603686432224	0.00721769098311142	0	0	0.3	0.0372761417931679	1.06966842946151
TCGA.QR.A7IP.01A.11R.A35K.07	0	0	0	0.0114532585443381	0	0.30618864513417	0	0.0637209872299465	0	0	0	0.123452362749855	0.034251291126578	0	0	0.362448030268427	0	0	0.0981380721395301	0	0.0003473528071558	0	0.7	-0.0186741535755334	1.10439233405425
TCGA.QR.A70G.01B.11R.A35K.07	0.0985828684537626	0	0.0182011279535887	0.192188671796998	0	0.165032698386742	0	0.038316888284595	0.000578690718708464	0	0	0.0446420201608152	0.0830768396512995	0.0145821380833715	0.0696912183613358	0.269199861691635	0	0	0	0.00210524399891496	0.00380173245823272	0	0.0600000000000001	0.093370669208677	1.05148007894842
TCGA.RX.A8JQ.01A.11R.A35L.07	0.150379417804574	0	0.0178853682842627	0.13221134938512	0	0.209083390586292	0	0	0.00518554435294293	0	0	0.0421745383802188	0.0211338328620716	0	0.0507185348140912	0.3327131534307	0	0.00556978190190843	0.0297563474146636	0	0	0.00318874078315546	0.44	0.0194383924875121	1.07941300818294
TCGA.QR.A707.01A.11R.A35K.07	0	0.00194665501719082	0.00739224999404359	0.057155891045414	0	0.381341182308427	0	0	0.0126158387441856	0	0	0.0773242063810732	0.0713698391823361	0	0.0211900398142353	0.263785004450853	0	0.0034878309430714	0.101770823837549	0	0.000620438281620692	0	0.42	0.0219750836849273	1.08258325649031
TCGA.SP.A6QJ.01A.11R.A35L.07	0.0237317782962938	0	0.00408143090146216	0.024384478670867	0	0.318267951987876	0	0	0.035800381188625	0	0	0.0816812399028828	0.0124215040419264	0	0.0516037503533909	0.348649276592089	0.00748315995904256	0.0122089537830053	0.0764598913990494	0	0	0.00322620292348937	0.22	0.0565630292109543	1.06545508692041
TCGA.QT.A5XO.01A.11R.A35K.07	0.0269420780401034	0	0	0.050490061787063	0	0.213356636758061	0	0.0145543265117473	0	0	0	0.0888706078289546	0.0400576596900894	0	0	0.49086746884921	0	0.068873814317085	0	0.00598734621768647	0	0	0.38	0.0260794984717489	1.08920897425657
TCGA.QR.A6H1.01A.11R.A35K.07	0.0132714669848279	0.00540954368826397	0.0112347920758995	0.13007249207365	0	0.331703893436361	0	0.0376336924611558	0	0	0	0.053395127749745	0.0549371337021678	0.0499162422841273	0.0461981591283024	0.125276195985813	0	0.0171959145838771	0.104137308551694	0	0.0163927026958901	0.00322533459822473	0.26	0.0460925231889831	1.07352340609115
TCGA.S7.A7WR.01A.11R.A35L.07	0.0983497774924391	0	0.0617860008875328	0.117292263479189	0	0.143516678271815	0	0	0.0151280379869614	0	0	0.109269007452035	0.0864983738550304	0	0.0239652134335487	0.157679236869132	0.0403435912278235	0	0	0.138167785917168	0.00800403312732536	0	0.02	0.133131101052822	1.03637420658586
TCGA.SP.A6QC.01A.11R.A35L.07	0.0617608342862204	0.0104122508831104	0.0902873819555077	0.182625926595424	0	0.138051485680236	0	0.00603016010735817	0.0338303966403706	0	0	0.049661134732395	0.0844509650444225	0	0.0337446970123362	0.277931360502733	0	0.00143006642592924	0.0232928554938776	0	0	0.00649048464007926	0	0.33668103019561	0.944769754911756
TCGA.S7.A7WU.01A.11R.A35L.07	0.104416885188492	0	0.0193288427547763	0.0827748501271265	0	0.128952733055078	0	0.00778991152577721	0	0	0	0.0596743244360193	0.125570479581592	0	0.014579585612214	0.351884592701628	0	0	0.0745046933502182	0	0.0299464816808939	0.000576619986184409	0.64	-0.00811014468089281	1.08036664621328
TCGA.RW.A686.06A.11R.A35K.07	0.0963320078323548	0	0.0143826209655221	0.186444279244604	0	0.157638551899256	0.0374433021724841	0.0080409496207805	0	0	0.183045198856537	0.081290027486882	0.0345654525820271	0	0.00577685870946967	0.111689726098813	0	0.0109191087142589	0.0724319158170113	0	0	0	0.58	0.00247560948807348	1.12672845919973
TCGA.WB.A80Q.01A.11R.A35L.07	0.0979935322023873	0	0.0208138175373333	0.147733085673084	0	0.0390289039738808	0.0263682076802554	0	0	0	0.0843649496605297	0.0243505651243831	0.0746419402391606	0	0.00118465829453024	0.388674792765855	0	0	0.0948455468486005	0	0	0	0.56	0.00655487175479586	1.07891330851362
TCGA.SR.A6MX.06A.11R.A35L.07	0.0127037581377132	0	0	0.0523400959655062	0	0.19558061393651	0	0.0433215359062373	0.00661685021447132	0	0	0.116614942293082	0.0839667834239097	0	0.025459663356117	0.365347357584661	0	0	0.09735699669438	0	0	0.000691402487412592	0.5	0.010899565060347	1.08363302116273
TCGA.WB.A81A.01A.11R.A35L.07	0	0	0.0126352573793635	0.0852174845000911	0	0.330621883725178	0	0.00133144312118215	0.0171057694790896	0	0	0.0512753269897864	0.126806562384254	0.144812031978058	0.0224810556592485	0.0085617541322828	0	0	0.199151430651465	0	0	0	0.44	0.0197099128834222	1.08177599688537
TCGA.WB.A821.01A.11R.A35L.07	0	0	0	0.0652862329384159	0	0.0998761036178162	0	0	0.0136536407071144	0	0	0.0841198875263145	0.156636749217255	0.00595797395002852	0.0093046158463166	0.333837421041795	0	0.0525564223866266	0.0265288415202907	0.0853139248113213	0.00571254992249319	0.0612156365142123	0.44	0.0163945201511218	1.08622819382238
TCGA.QR.A6GS.01A.11R.A35K.07	0.0397655202376214	0	0.00209746853256299	0.084988230624992	0	0.194564282369904	0.045598986045611	0	0.0338399974746971	0	0	0.039989285310574	0.0229784158386627	0.011010047485152	0.08827537595796	0.315899730417511	0.0174567389957327	0	0.103535920709019	0	0	0	0.24	0.0481460442673989	1.06030936687742
TCGA.QR.A6H6.01A.11R.A35K.07	0	0	0.00214255437963448	0.0797470666185027	0	0.226716496572582	0	0	0.0124877089294115	0	0.0246090704759215	0.146520376912573	0.0259997031465315	0	0.0163412636007858	0.268585513324118	0	0.00636666356967964	0.190483582470261	0	0	0	0.32	0.0332909151577924	1.08486783416621
TCGA.SQ.A6I6.01A.11R.A35L.07	0.0325903601773191	0	0	0.0249072865819172	0	0.248115444050606	0	0.0176645764909258	0	0	0	0.101567801298315	0.0839238247881604	0	0.00260656195594045	0.483408600223105	0	0	0	0	0	0.00521554443371038	0.58	0.00253536684023112	1.10202051743599
TCGA.WB.A81V.01A.11R.A35L.07	0.00852340124647431	0	0	0.230599648617925	0	0.0713129104271394	0	0	0	0	0.108790130977741	0.107799087618537	0.270167638393277	0	0.0116758930214509	0.190207050939264	0	0.000924238758191374	0	0	0	0	0.44	0.0200942184313093	1.11231901968354
TCGA.W2.A7HB.01A.11R.A35L.07	0.00165165850773303	0	0	0.00560083016432719	0	0.330420292036114	0	0.0389588903306706	0	0	0	0.0661869761493862	0.0558177548415199	0	0.0258536772477493	0.445094997430705	0	0.00555557890450054	0.0189837858235161	0	0.00587555856377799	0	0.5	0.0117563823239862	1.09356244639728
TCGA.S7.A7WQ.01A.12R.A35L.07	0.118799319223983	0	0.0147527425449412	0.084767274866273	0	0.12004418934089	0.00414787304680032	0	0.0308652484844272	0.0167128374311222	0	0.0566530593108451	0.0248442575574211	0.0527387930448643	0.0482878290161428	0.415874607029852	0	0	0.00532464094067821	0	0.0061873281617589	0	0	0.390118836226984	0.921237929477517
TCGA.WB.A817.01A.11R.A35L.07	0.0858853443208102	0	0.0151446616133301	0.0829267303099286	0	0.235943526287618	0	0	0	0	0	0.0933755319809171	0.0778492430252999	0	0.0233003778342293	0.302064152064754	0	0.00562592250633926	0.0442618953546212	0	0.0059287539631197	0.0276938607390334	0.32	0.0318535096088107	1.07042209312699
TCGA.RW.A681.01A.11R.A35K.07	0.0394054198038841	0	0.0209155026276085	0.102802118068182	0	0.288857736783244	0	0.0295050622963515	0	0	0.0400225941440579	0.0243195512303125	0.0275269877785297	0.0190650982973168	0	0.298551139988229	0	0.0550389295363984	0.0539898594458849	0	0	0	0.44	0.0160168933236734	1.07926942324946
TCGA.RW.A67W.01A.11R.A35K.07	0.0821324532895781	0	0	0.10555389871904	0	0.276291885733818	0	0.0313555804694447	0.0175272440456299	0	0	0.0946407849857399	0.100226021166899	0	0.0455155065745601	0.20757544475185	0	0.00450977854255414	0	0.0334824059331757	0.00118899578770995	0	0.1	0.0758746875267086	1.06370005753706
TCGA.WB.A814.01A.11R.A35L.07	0.00770560808446223	0	0	0.027587954130142	0	0.216375288107803	0	0.00460769094681536	0.0334974729139979	0	0	0.0344579802117743	0.248510789481447	0	0.0117563177670575	0.246344218751229	0	0.0532120177943602	0.113695917967402	0	0	0.00224874384350906	0.24	0.0463229951468599	1.06095630423262
TCGA.QR.A70U.01A.11R.A35K.07	0.0338288197728026	0	0.0104477739400674	0.164083110416727	0	0.20604962044983	0	0	0	0	0	0.100304031246772	0.0814664150157123	0	0.0284542135571594	0.324293959438173	0	0.0287145306631324	0	0.0120566851698413	0.0103008403297822	0	0.66	-0.0105226105163533	1.09886556257018
TCGA.SR.A6N0.01A.11R.A35L.07	0.0807055720150876	0	0.0146973840068273	0.0328272613341691	0	0.185531959504544	0	0	0	0	0	0.0602554455633711	0.20163325079702	0	0.0373880687320948	0.322619913519423	0	0	0	0.0643411445274625	0	0	0.2	0.0581350023705779	1.06152409585707
TCGA.WB.A81R.01A.11R.A35L.07	0.0243841882865444	0	0.00401192805369276	0.237030330963025	0	0.0873588979944932	0	0.00141563673024569	0.0215165954374254	0	0	0.0767411619332524	0.0470273594440958	0	0.010353913742085	0.242621473690636	0	0.043770621739771	0.203767891984733	0	0	0	0.48	0.0127920628411652	1.08047511802017
TCGA.P7.A5NX.01A.11R.A35K.07	0.0455990795785205	0	0.00526710229277944	0.126985460694754	0	0.122501764485533	0	0	0	0	0	0.114474570909544	0.0881112601321762	0	0.0257168020409787	0.426345480050817	0	0.00370721962672718	0	0.0364016028675185	0.0048896573206516	0	0.56	0.00651594456689391	1.09531512891142
TCGA.W2.A7HA.01B.11R.A35L.07	0.00855563115194257	0	0.00652366148836643	0.0474741217020844	0	0.226857902142616	0	0.0113944688524202	0.000552274436292639	0	0	0.07632974278679	0.0628271904336316	0	0	0.393242542528432	0.000840873206907662	0.00679063503770452	0.137140833555954	0	0.0214701226768577	0	0.26	0.0455671953272094	1.0663738877919
TCGA.QR.A703.01A.11R.A35K.07	0.105693786818658	0	0.0132860822543543	0.0275247485826778	0	0.217678390683456	0	0	0.00841542008944934	0	0	0.0692484726311038	0.0386593879178914	0	0.0783342386054064	0.390752745756198	0	0	0.0130608036115912	0.0219786072651702	0.0153673157840434	0	0.22	0.0508186444849954	1.06655556020412
TCGA.S7.A7X0.01A.12R.A35L.07	0.0342700156427095	0	0.00104363017019693	0	0	0.187467364597565	0	0	0	0	0	0.0969284817038928	0.0803289308075742	0	0.00617315042061185	0.37195223477827	0	0.0225998374415987	0	0.176162611535306	0	0.0230737429022745	0.0600000000000001	0.0852710657372506	1.06568085733435
TCGA.QR.A70D.01A.11R.A35K.07	0.188433869289166	0	0.0380634385397457	0.10506638007232	0	0.342743614072854	0	0.0027475413256203	0.0211557912600103	0	0	0.0863071116826202	0.00887397801138921	0.0125601089392207	0.0298787106620299	0.148281283596914	0	0.00171616785285817	0	0.01417200469525	0	0	0.02	0.155349632563029	1.04268225100541
TCGA.WB.A80V.01A.12R.A35L.07	0.0166305515365589	0	0	0.093691042521384	0	0.106649041525993	0	0	0.0211654176682721	0	0	0.088850103765685	0.0486721217341356	0	0.0105026855160189	0.447489787645145	0	0.0375829479714558	0.128766300115352	0	0	0	0.56	0.00625618211577253	1.08630383516161
TCGA.QT.A7U0.01A.11R.A35K.07	0.0249762167105014	0	0.0116522201668668	0.128621039404363	0	0.220311172763574	0	0	0	0	0.0122656571605623	0.143626839125974	0.211848581808768	0	0.00696519052799315	0.109568615733108	0	0.00666744400377529	0	0.0932968173982033	0.00567376690715361	0.0245264382891561	0.08	0.0833216913244215	1.07097492744977
TCGA.QR.A702.01A.11R.A35K.07	0.0165854721925228	0	0	0.0451841599603641	0	0.240692466297612	0	0	0	0	0	0.0907690260263464	0.182696318252006	0	0	0.26912761967853	0	0.0287234826640114	0	0.110313653813907	0.0157455253496128	0.000162275765086014	0.58	0.00403263379950318	1.08857959546989
TCGA.RW.A68D.01A.11R.A35K.07	0.064740913971622	0	0.0198218208265759	0.112791532320771	0	0.123716976860612	0	0	0.012679756667359	0	0	0.104407233511414	0.112598133621793	0.0163963302065512	0	0.21351836035098	0	0.0112879111653125	0.208041030497009	0	0	0	0.6	-0.000769591192248384	1.07919580326698
TCGA.RW.A7D0.01A.11R.A35K.07	0	0.0615274104256421	0.0263716490167365	0.087177483155611	0	0.189911867621742	0	0	0.0159421441942417	0.00853906787525621	0	0.0941637249826885	0.0302069718231908	0	0.0160945603006682	0.310832108910287	0.00317478976583272	0	0.144908751225425	0	0.0111494707026781	0	0.02	0.144224239169901	1.02346594298314
TCGA.QR.A705.01A.11R.A35K.07	0.042869949202257	0	0.00821547966464868	0.0602162770038398	0	0.162631578465195	0	0.0495578940812216	0	0	0	0.133170867177768	0.0373944918408026	0	0.0387299625116438	0.226825429663635	0	0.00826152819195089	0	0.213859303801694	0.0182672383953434	0	0.44	0.0180907865878533	1.10397951159389
TCGA.SR.A6MU.01A.11R.A35L.07	0.0776887956964114	0	0.00495307170146993	0.0337322934664135	0	0.162558946010298	0	0.0668903608065112	0	0	0	0.0969019586498389	0.0731102969979867	0	0.0211321413784035	0.223631666208571	0	0.151416749704656	0	0.061472723629988	0.0265109957494523	0	0.24	0.0473459606688481	1.06342130185987
TCGA.QR.A6H0.01A.11R.A35K.07	0.0632883917951822	0	0	0.37646097400955	0	0.0187426463243725	0	0.000647128776499411	0	0	0.0229580315264823	0.0424402920090697	0.0874544668844093	0	0.0546151464027353	0.175487019674234	0.00186824318148965	0	0.154598401916974	0	0.00143925749900128	0	0.0600000000000001	0.0859333502841778	1.057669083884
TCGA.SR.A6MX.01A.11R.A35L.07	0	0	0.000684649818943442	0.0506046105022778	0	0.332937444561202	0	0.0563501240595911	0.000326855403054629	0	0	0.0880024304703814	0.088980211929501	0.0394013336602129	0.0160608221614368	0.126931340670132	0	0	0.176505726550537	0	0	0.0232144502127311	0.3	0.036578760491322	1.07628692149211
TCGA.RW.A68A.01A.11R.A35K.07	0.145940075509108	0	0.0278146455946875	0.0757454572546812	0	0.173097808730147	0	0	0	0	0	0.104611612890808	0.0374622669754325	0	0.012092928451692	0.356650255186294	0	0.0344421213599777	0.0321428280471718	0	0	0	0.44	0.015274220068808	1.08092421882004
TCGA.WB.A81F.01A.11R.A35L.07	0.0143743510251643	0	0.000852815105119909	0.0569028473619248	0	0.292563327329007	1.07413740295195e-06	0	0.00679964780195018	0	0	0.0282980448518173	0.0772923947376285	0	0.0239581303563469	0.369409763557178	0.0521317403898736	0.0463938997558097	0.0310219635907769	0	0	0	0.18	0.0652271821589614	1.0599144844301
TCGA.QR.A6ZZ.01A.11R.A35K.07	0.00357688667071907	0	0	0.00687882293243952	0	0.190537382653962	0	0	0	0	0	0.0785184257304621	0.0269636372900476	0	0	0.435993029479385	0.0163386374528673	0.00448857812714692	0.23670459966297	0	0	0	0.16	0.0696134148785083	1.06509485559183
TCGA.QT.A5XM.01A.11R.A35K.07	0.0596681239988918	0	0.00407497267989105	0	0	0.212500494914977	0	0.00321173299193565	0	0.00750019427550948	0	0.041243608571071	0.138812906493429	0	0.0213978559836511	0.356024141204215	0	0.043136694208178	0	0.0481946392534492	0	0.0642346354248014	0.12	0.0731012321188691	1.05640625242866
TCGA.QT.A5XP.01A.11R.A35K.07	0.153419366266779	0	0.151364504489472	0.0174132101062018	0	0.179771683606633	0	0.0111961606038306	0.00656866579074271	0.00779046998263711	0	0.0576740565846174	0.032301093555875	0	0.0252166836124289	0.197849186224733	0.0520507548166481	0.0122399389574027	0.0194084466558046	0.0727710210530528	0	0.00296475769314063	0	0.345622566865558	0.943203296379436
TCGA.WB.A81Q.01A.11R.A35L.07	0.167398102894064	0	0.0586096867647861	0.135957775665038	0	0.153539026565954	0	0.00587688448251438	0.0241320878798379	0	0	0.0610023521734968	0.0591857384286221	0	0.044565989202209	0.185546845887793	0.0535066178483795	0.0031453129774094	0.0475335792298966	0	0	0	0.22	0.0563936011470113	1.06123946483311
TCGA.S7.A7WT.01A.12R.A35L.07	0	0.00916902712703067	0	0.108629918035812	0	0.198406698862864	0	0.0108141207778588	0	0	0	0.130044665998457	0.0800068943770359	0.0419030575701862	0.000511012529982598	0	0	0.00493635852052643	0	0.24197425059694	0.0602192399316505	0.113384755671656	0.3	0.0409916406085942	1.11370083890548
TCGA.QR.A6GU.01A.11R.A35K.07	0.00597715769020615	0	0	0.080755516176389	0	0.111345011778639	0	0.0467205400840131	0	0	0.0365947958569327	0.0612718711365049	0.179808118035261	0	0.00682964720664628	0.338320238420154	0	0.0666941107409782	0.0656829928742763	0	0	0	0.32	0.0281420767319288	1.07180311657075
TCGA.WB.A81I.01A.11R.A35L.07	0	0	0.041190778349289	0.0295782426463471	0	0.13204103213589	0	0.0317173035832225	0	0	0	0.10186439530392	0.164571804603158	0	0.00626570138025918	0.315247929513997	0	0.058746146399408	0	0.118776666084508	0	0	0.6	0.000757190137875351	1.08852495951777
TCGA.P8.A5KC.01A.11R.A35K.07	0.0863822740879897	0	0.00933555032400176	0.137384356863326	0	0.19298150350424	0.077982279881378	0	0	0	0.0895088465111274	0	0.0967992310208522	0	0.04831964415135	0.164342939616215	0	0.00183609930385018	0.0810417217546976	0	0.0140855529809718	0	0.44	0.0154259653937862	1.07048082293377
TCGA.SR.A6MV.01A.11R.A35L.07	0.138994597042581	0	0.0302054452025059	0.052526352160906	0	0.0994590581973307	0	0.0402630560744214	0.00215636800668297	0	0	0.127788520598338	0.0536490278587504	0	0	0.266199740660818	0	0.0777716796000106	0	0.108502275514688	0.00245080392427657	3.30751586907183e-05	0.08	0.0795188270925867	1.05773940704419
TCGA.QR.A6GY.01A.11R.A35K.07	0.138971867540665	0	0.0218049534162067	0.0781589048473209	0	0.0565539980407187	0	0	0.00594391458869155	0	0	0.100169939083482	0.10304978487676	0.0371923761530607	0	0.335543107828022	0	0.0038025113129778	0.113480017560128	0	0	0.00532862475196538	0.92	-0.0337987513233584	1.09533866502429
TCGA.SP.A6QK.01A.11R.A35L.07	0.0640743649763169	0	0.0122579706891218	0.0129281374027963	0	0.207195957260653	0	0	0	0	0	0.0559218541034831	0.224678653437826	0	0.0407607808148835	0.1809768193507	0	0.00195065590265095	0	0.139200685082333	0.0403951548295576	0.0196589661496773	0.12	0.0726165429306405	1.05580155109611
TCGA.P8.A6RY.01A.12R.A35K.07	0.0311675236655981	0.0018094590259905	0	0.151816764979528	0	0.0945063238536437	0	0.00906040902281889	0	0	0	0.0199880803563291	0.137402926821403	0.167336981674898	0.00530584052858283	0.163627433241891	0	0	0.214356297164197	0	0.00362195966511978	0	0.42	0.0219560113457259	1.07302105230055
TCGA.QR.A70C.01A.21R.A35K.07	0.0902573347167342	0	0.00602038481730641	0.0223541089114792	0	0.315351111995495	0	0	0	0	0	0.0852037515181456	0.0223970778742154	0	0.00508878427476857	0.335916798920432	0	0.0140645940438509	0.103346052927573	0	0	0	0.68	-0.0134711588945938	1.08830123431315
TCGA.QT.A5XK.01A.11R.A35K.07	0.0200150594420158	0	0.0207205506297389	0.107325487402501	0	0.177277597894198	0	0.013504335157332	0.0287678988229039	0	0	0.0727537403717323	0.0444050461950024	0	0.0862495625650576	0.232420458467679	0.135339353359298	0.00383002347466802	0.0529554712938756	0	0.00443541492399663	0	0.14	0.0711288753636075	1.05130193938753
TCGA.RW.A685.01A.11R.A35K.07	0.0445974503647829	0	0.0758120965346055	0.190992724522335	0	0.267163800979763	0	0.0375535294174381	0	0	0	0.0333674022738536	0.0741059059787603	0	0.0409749072169393	0.210074535306859	0.0189170546171639	0	0.00644059278749974	0	0	0	0	0.21531992402755	1.00332908019499
TCGA.QR.A70X.01A.11R.A35K.07	0.197608436479965	0	0.14027602977518	0.0948664120659856	0	0.105075828998296	0	0.0264060404828618	0	0	0	0.173260013730432	0.0374725646635734	0.00225768988766345	0.0451675784752864	0.09739572009283	0.00529549056377688	0	0	0.047667016025686	0.0272511787584639	0	0	0.385602530625095	0.932603068523287
TCGA.WB.A81G.01A.11R.A35L.07	0.0225763399465427	0	0.00401816605634581	0.0692304327410105	0	0.244554987561929	0	0	0	0	0	0.0799149843272992	0.0817356337781923	0	0.0540949247004674	0.347533833774879	0	0	0.0963406971133347	0	0	0	0.26	0.0450584334982382	1.06565242048023
TCGA.QT.A5XJ.01A.11R.A35K.07	0	0.0265649592246692	0	0	0	0.272251994873069	0	0.00849726237852398	0.0459726793424314	0	0.00708730117450795	0	0.0353083973255402	0.121651056278061	0	0.225509200432173	0.00297479601693439	0	0.253241587520161	0	0	0.000940765433928312	0.48	0.0127650763082997	1.0815654711572
TCGA.W2.A7H7.01A.11R.A35L.07	0.0376484898285838	0	0.00845641870897373	0.0477637581655606	0	0.243538610917799	0	0.0161128242494987	0	0	0	0.0906818548250409	0.124155592255032	0	0.0513063271286265	0.276444604447195	0.0038661959179912	0.0162335162931247	0.0837918072625737	0	0	0	0.0600000000000001	0.0932872993960501	1.04292292850526
TCGA.SR.A6MQ.01A.11R.A35L.07	0.0344830265809069	0	0.00404673768427056	0.272479987552427	0	0.025761399748872	0	0	0	0	0	0.107717003631319	0.0716140367187939	0	0	0.135600062585353	0	0.0142665688203465	0	0.119976848463259	0	0.214054328214452	0.46	0.0148010849602505	1.11505767531596
TCGA.QR.A70I.01A.11R.A35K.07	0.0201507308815089	0	0.000391329419713881	0.00357725605992819	0	0.156179814923954	0	0.0183351429677622	0	0	0	0.0378705794340786	0.177986657617091	0	0.0284156487837633	0.195750067708175	0	0.124341959546369	0	0.175201427624012	0.0617993850336438	0	0.2	0.0612399135055177	1.06399912443069
TCGA.RW.A686.01A.11R.A35K.07	0.0299416374495654	0	0.0101434764540973	0.0299974345885347	0	0.295125522780215	0	0	0	0	0.11329607020045	0.0262243250417271	0.0706171609513155	0.0481821747063282	0.0112830155601074	0.265710757708616	0	0.0124487744607815	0.0868001534301001	0	0	0.000229496668161214	0.7	-0.0168628779246917	1.08829034063102
TCGA.RT.A6YA.01A.12R.A35K.07	0.0614036289951495	0	0.0157822239987807	0.0417802745497813	0	0.157802663398738	0	0.0274167211710652	0	0	0	0.160317407577015	0.163853300297099	0	0.0257180583954126	0.209071623484703	0	0.00684647603504377	0	0.112720977408134	0.0111885259125743	0.00609811877650343	0.22	0.0537739104784439	1.07481793637187
TCGA.WB.A815.01A.11R.A35L.07	0.0332127643789823	0	0.00302320668125898	0.0399681964712861	0	0.274696263442979	0	0.0331206836584359	0	0	0	0.0804011501040833	0.120737608485671	0	0.0815286799839966	0.205389059137871	0.0260281294443684	0	0.0240544373136038	0.0303904142876907	0.0350461051943967	0.0124033014153764	0.3	0.0345424679148278	1.06886078214329
TCGA.S7.A7WM.01A.12R.A35L.07	0.0799811858592855	0	0.110929863787014	0.110040661348461	0	0.114493211257266	0	0.00352326815905118	0.00895121658821536	0.0416734391886395	0	0.117851365744696	0.0248914861415809	0	0.00725353319019449	0.208431422695418	0	0.012945492211335	0	0.14124161906912	0.0102328478441502	0.00755938691557255	0	0.236783621032659	0.998051795842884
TCGA.WB.A80M.01A.11R.A35L.07	0	0.033914910960664	0.00295895729320494	0.0958864072221535	0	0.155912249554077	0	0	0	0	0	0.0803306146332124	0.18077623207231	0	0	0.12705688584123	0	0.165077055343953	0	0.094394370925653	0	0.0636923161535428	0.62	-0.00534623307353407	1.08927777895223
TCGA.QR.A7IN.01A.11R.A35K.07	0.014420055242877	0	0	0.00292293276690903	0	0.169462063500964	0	0.00927218283898673	0	0	0	0.0989382258205545	0.213260899515563	0	0.0247980376221643	0.362486708330725	0	0.0543357861421672	0.0501031082190901	0	0	0	0.58	0.00361903463816736	1.0876153413844
TCGA.QT.A5XN.01A.11R.A35K.07	0	0	8.38515910009313e-05	0	0	0.369093211188734	0	0	0	0	0	0.0506377709598498	0.0447185541570517	0	0	0.394117292580963	0	0.0774398430096167	0.063909476512784	0	0	0	0.64	-0.0067462359626993	1.09243600883127
TCGA.WB.A81P.01A.11R.A35L.07	0.0485689814544587	0	0.0022600056203381	0.222936522933495	0	0.0952555405472679	0	0.00938643028406718	0	0	0	0.0645394071787972	0.232672765285707	0	0.0165779489563963	0.226810077688875	0	0	0	0.0809923200505978	0	0	0.58	0.00365944387409908	1.08961106377354
TCGA.QR.A70H.01A.12R.A35K.07	0.124820520660905	0	0.0138277998261121	0.280883511682713	0	0.119304913012677	0	0.0293237266328913	0.0899895552293228	0	0	0.113236379831891	0.0180166510317675	0.0192647524361532	0.000381030344798985	0.10445723670254	0	0.0122324143555081	0.0742615082527193	0	0	0	0.42	0.0250643091189469	1.10980297649609
TCGA.QR.A70O.01A.11R.A35K.07	0	0.0682192307673004	0.0305465067361696	0.146879837835936	0	0.230089032993856	0	0.0738733727984373	0.0274958510628669	0	0.0519502147224965	0.0282954162559593	0.177668680684128	0.0975793619134158	0.0327605968593412	7.72361096618201e-05	0.00331437287092911	0	0.0204083031602822	0	0.0108419852292196	0	0.32	0.0333872100817704	1.08247816446613
TCGA.SP.A6QF.01A.12R.A35L.07	0	0.0139101010156356	0.00573783932261765	0.0696905013154086	0	0.15880892323133	0.0637212673346301	0.0151546296154829	0.106324866374454	0.0496880487007724	0	0.125615593821348	0.014116066405326	0.0870334487490589	0.100554669782956	0.144082754143298	0	0	0.0455612901876818	0	0	0	0.0600000000000001	0.0984573251937868	1.06280015597419
TCGA.RW.A68G.01A.11R.A35K.07	0	0.00601582397957106	0.012781600304956	0.0401240381480131	0	0.239155216925688	0	0.00567768130190278	0	0.00552546662484237	0	0.111753414357849	0.0440800988466559	0	0.035158679824902	0.404588439479531	0	0	0	0.0951395402060884	0	0	0.32	0.0325002006851867	1.08620319627536
TCGA.QR.A700.01A.11R.A35K.07	0.000150236990319355	0	0	0.103531113524558	0	0.222482605372592	0	0.0433984838649761	0.00257203159839697	0	0	0.0199275351604319	0.0215684309524987	0	0.0621606975672291	0.407459939180172	0	0.0137939766592956	0	0.0993415670090314	0.00360719284596618	6.18927453188224e-06	0.44	0.0207684405549184	1.08719584750979
TCGA.QR.A70E.01A.11R.A35K.07	0.0274617633047036	0	0	0.00351126108834221	0	0.316181217793196	0	0	0.012684775097679	0	0	0.079968816033684	0.0503443266070626	0	0.0131384720341342	0.407706248486923	0	0	0.089003119554276	0	0	0	0.66	-0.0113099712449712	1.09317304412928
TCGA.TT.A6YO.01A.11R.A35L.07	0.0327897429831979	0	0.00132832125554921	0.0817507366754012	0	0.233149835015571	0	0	0	0	0	0.049624272436145	0.108663123728607	0.0167082999434105	0.0080718333209208	0.354335720623803	0	0.0100066521029078	0	0.061824840973824	0.0417466209406628	0	0.32	0.0341435560479131	1.07287427882835
TCGA.WB.A816.01A.11R.A35L.07	0.143213413390946	0	0.00698814666714629	0.058622141018999	0	0.232836870228229	0	0.0116815314345208	0	0	0	0.0726126251118967	0.105209384686077	0	0.043745931064615	0.236565865256207	0	0.0217655853525918	0.0667585057887716	0	0	0	0.22	0.0551964420062675	1.05654955593124
TCGA.S7.A7WW.01A.11R.A35L.07	0.0681541848753683	0	0.0130771125669917	0.10620652985957	0	0.177827333824071	0	0.017501382642503	0.00222601124253777	0	0	0.052587360447034	0.195234394419449	0	0.0532822337296314	0.220963674003884	0	0	0	0.0890362342624311	0.00390354812652728	0	0.0600000000000001	0.0951563872771737	1.04474399969598
TCGA.WB.A80N.01A.11R.A35L.07	0.0880816206876071	0	0.0154674355800277	0.164521427963312	0	0.275449615255018	0	0	0	0	0	0.0547277298688037	0.0698884384685515	0	0.0234751449579996	0.228908408643699	0	0.000354968926271832	0	0.0656089748629057	0	0.0135162347858033	0.04	0.117203803874633	1.04389337764554
TCGA.QR.A6H3.01A.11R.A35K.07	0.124791439318483	0	0.016983684240369	0.0672579028431392	0	0.165950275145526	0	0.0267169998713044	0	0	0	0.0644847594367836	0.0217116435782378	0	0.0236277542046972	0.36748090207968	0	0.00311260930768074	0.1178820299741	0	0	0	0.0600000000000001	0.0865790048199109	1.04566832665561
TCGA.P7.A5NY.05A.11R.A35K.07	0.0657267414651934	0	0.0263670552024126	0.0798704125319755	0	0.083833318402411	0.0386406064374729	0	0.0027966178070598	0	0	0.0234481040031922	0.125489111036442	0.00797659815215618	0.0262153352837878	0.409553383454878	0.0605444403723082	0	0.0286323103361407	0	0.00716427606548072	0.0137416894490888	0.02	0.131032167887226	1.03147928002318
TCGA.RW.A7CZ.01A.11R.A35K.07	0	0	0.0126603273886378	0.134813020645711	0	0.158919268152963	0	0	0	0	0.0055931784502263	0.109439879309489	0.0209342403694129	0	0	0.299931805870459	0	0.133436010013853	0.124272269799248	0	0	0	0.58	0.00332097094219321	1.08542079118706
TCGA.WB.A81H.01A.11R.A35L.07	0.0830028358119945	0	0.00633405206929653	0.0548275605317456	0	0.196239558283939	0	0	0	0	0	0.0827277904156715	0.0931826843529585	0	0.0133345173797153	0.271364227121834	0	0.00693597542535326	0	0.169652171746097	0.00481918866587837	0.0175794381955175	0.0600000000000001	0.0976098925190748	1.05177160145666
TCGA.S7.A7X1.01A.11R.A35L.07	0.0914554466823761	0	0.0106019064671919	0.0387734877363579	0	0.207992636315178	0	0	0	0	0	0.0284622000884056	0.0889936650810403	0	0.0158787466301068	0.417215193751697	0	0	0.0770426424787478	0	0	0.0235840747688978	0.22	0.0572314586270558	1.06015302040349
TCGA.PR.A5PF.01A.11R.A35K.07	0.0387438320373166	0	0.00896935352203927	0.23760591244256	0	0.0809933426593796	0	0.00765538227868437	0	0	0.0346664314646703	0.0444443505568704	0.046840994251209	0	0.0450094487008463	0.313791418626126	0	0.0258693586097359	0.115410174850562	0	0	0	0.9	-0.0315317823487897	1.09505748979621
TCGA.RW.A68B.01A.11R.A35K.07	0	0	0.00119256349281963	0.0864167552612705	0	0.176926837737859	0	0	0.0241203700965276	0	0	0.142558466665898	0.0308919210291899	0	0	0.418177683664092	0	0.0110317657582161	0.105049549873363	0	0.003634086420764	0	0.46	0.0134646157065177	1.09330911839209
TCGA.RW.A67V.01A.11R.A35K.07	0.0228295727528736	0	0.0695212150182634	0.110120467524558	0	0.0859878256150521	0	0	0	0	0	0.0938130757491731	0.150586504085164	0	0.0119914307366803	0.306174590642607	0	0.0130300166716356	0	0.130722413335876	0.00522288786811628	0	0.68	-0.0147615189294403	1.095950321146
TCGA.RW.A67Y.01A.11R.A35K.07	0.0687532153061352	0	0.00202361351735925	0.160222349789619	0	0.196655391050639	0	0	0	0	0	0.110246090237244	0.0272140855379924	0	0	0.346295663944091	0	0.00915510555841926	0	0.0375907178315045	0.0418437672269963	0	0.56	0.00702720517189391	1.09466503951857
TCGA.SQ.A6I4.01A.11R.A35L.07	0.00674501997185214	0.0193684938304547	0.00549588122110311	0.0391872431593089	0	0.140393790204519	0.0495813096789707	0.0215283063284508	0.0283983074598587	0	0.0527598468821586	0	0	0.476010419065454	0	0.118120973176892	0	0	0	0.0424104090209766	0	0	0	0.388087151622897	0.93426855990467
TCGA.QR.A6GR.01A.11R.A35K.07	0.125178571777631	0	0.0112515233549177	0.0841397278953129	0	0.130549011005249	0	0	0.0256139801163797	0	0	0.115791887991664	0.0513958244769178	0	0.0159620420026883	0.280305270384489	0.0339634442783829	0	0	0.0873796821912207	0.0358621494431919	0.00260688508195492	0.22	0.0543688674306883	1.06587317881005
TCGA.W2.A7HF.01A.11R.A35L.07	9.89997371152959e-05	0	0.00496740732239006	0.0513915838445784	0	0.231033409591783	0	0.036313543427879	0.0523233239392237	0	0	0.0742518871869491	0.106724537160853	0	0.00610800939573647	0.249654843179	0.0067672844526608	0.00806839159351426	0.172296779168316	0	0	0	0.62	-0.00496903405680183	1.08366861164623
TCGA.S7.A7WV.01A.11R.A35L.07	0.108046063903273	0	0.157366744766795	0.0510567508207623	0	0.143648891967672	0.0276775629555729	0	0.0126790165960851	0	0.0260269286259302	0	0.025457214191941	0.0481620489810589	0.0060927319608499	0.381365528862427	0	0	0.00239066731689027	0	0	0.0100298490507416	0	0.475748402068933	0.879114140336504
TCGA.SR.A6MX.05A.11R.A35L.07	0	0.0365888226444638	0	0.0678418861393404	0	0.0604147902399686	0	0.00665454651147308	0.0255008511418979	0	0	0.0534729497180607	0.163147698046801	0.0814263507615215	0.0256147154253921	0.361481034222354	0.0107018040372963	0	0.10715455111143	0	0	0	0.04	0.118608331291395	1.0390636224669
TCGA.WB.A81S.01A.11R.A35L.07	0.114696706546345	0	0.108893882668881	0.0757329938903492	0	0.114882408948733	0	0.0364540091023642	0	0	0	0.0696827319565007	0.0731713816250035	0	0.0167196500732549	0.191438952847764	0	0.0126160914833609	0	0.181566464434986	0.00414472642245871	0	0	0.237275623522014	0.993607455402789
TCGA.RW.A689.01A.11R.A35K.07	0.052010265157778	0	0.00341297848228082	0.0734943693095796	0	0.125047876994833	0	0.0305906804998005	0	0	0	0.0657029267603932	0.112927251935804	0	0.0399494437371461	0.34382608174312	0	0	0	0.109150126813131	0.043887998566134	0	0.24	0.0491388249860116	1.06642939961029
TCGA.QR.A70Q.01A.13R.A35K.07	0.00193525480501215	0	0.0081005358630691	0.0135308040617721	0	0.192529592875924	0	0.0281523687178633	0	0	0	0.100212059788111	0.096553542129706	0	0.0603513436816719	0.347916376297732	0	0.0114640949573955	0	0.117656237264672	0.0215977895570706	0	0.42	0.0218720062522368	1.08525516526371
TCGA.QR.A70J.01A.11R.A35K.07	0.163786138839147	0	0.0178925940507952	0.150996851501985	0	0.244199129998298	0.0161195782052052	0	0	0	0	0.0475801006657928	0.0111884022786597	0	0.00980962345533362	0.18756114218046	0	0.0104346001088313	0.140389266588108	0	0	4.25721273836496e-05	0	0.197311835050451	1.00705305462861
TCGA.QR.A70W.01A.12R.A35K.07	0.0377054979455482	0	0.00600814290572027	0.101556143768826	0	0.199763051761593	0	0.00910602305219883	0	0	0	0.112434546744323	0.0646663838834797	0	0.0369571870145174	0.348968628804411	0	0.021278326971559	0.061556067147824	0	0	0	0.56	0.00565083830198575	1.08554673814878
TCGA.RT.A6Y9.01A.12R.A35K.07	0.000723308510036075	0.00661425296858612	0.00402993346306233	0.0694601427339816	0	0.312675056974167	0	0.0323165458483868	0.0015111144131851	0	0	0.0654539287092336	0.0574147955021966	0	0.00999688019202209	0.330426456087487	0	0	0.106360793194393	0	0.00301679140326298	0	0.26	0.04215387360341	1.07191918203101
TCGA.QR.A706.01A.11R.A35K.07	0.00468126124235671	0	0.00103118661988528	0.0267149572162641	0	0.118263731384339	0	0.00154981306592668	0	0	0	0.0841919130304914	0.165828195970995	0	0.00453231768161969	0.262918381682725	0	0.0557324577377153	0.241810505848434	0.0327452785192463	0	0	0.22	0.0530510481220121	1.06665235666543
TCGA.RM.A68W.01A.11R.A35K.07	0	0	0.00963007532280362	0.0962173175481661	0	0.16033957156409	0	0.00393374565775054	0	0	0	0.0306998356215351	0.174793254693858	0	0.0259459976578169	0.425270067022398	0	0.017904593444328	0.0474717052021748	0	0.0077938362650788	0	0.22	0.0559252486009749	1.06790401012166
TCGA.SR.A6MT.01A.11R.A35L.07	0.0027548041232572	0.0108160329281659	0.0150072814740587	0.0475402006917021	0	0.356874754124428	0	0.0127953831767441	0.00458730088450699	0	0	0.106353035434083	0.0544261146356442	0.0420172966544985	0	0.165681689303878	0	0	0.181146106569034	0	0	0	0.34	0.0271149952337378	1.08139875637643
TCGA.QR.A70R.01A.11R.A35K.07	0.187735567494457	0	0.109879646329792	0.0782842764959427	0	0.061355310818085	0.0148064131896114	0.0197519763450843	0	0	0	0.0605251604461246	0.0115849284708502	0.0606704326861414	0.0167724632226573	0.299052492341494	0	0.00735853611410784	0.0722227960456518	0	0	0	0.6	-9.72197409697612e-05	1.09355631024092
TCGA.TT.A6YP.01A.21R.A35L.07	0.0141238831780932	0	0.00367556073226409	0	0	0.372475205345474	0	0.0108871455493006	0	0	0	0.102531349642303	0.0479650096601964	0.0220548377606842	0.00214278784899223	0.158902135379619	0	0	0.259437421690416	0	0	0.00580466321265808	0.26	0.0432067860244854	1.07686310989105
TCGA.WB.A80L.01A.11R.A35L.07	0.00173700416329303	0	0	0.0307385982158277	0	0.211075192838816	0	0	0.000732297358404728	0	0	0.100855266395867	0.208444328958744	0	0.0335246402830131	0.316020063599575	0	0.0250819208377679	0	0.0666973197813213	0	0.00509336756736926	0.44	0.0158588968036914	1.08656397358848
TCGA.W2.A7HH.01A.11R.A35L.07	0.0326305602900248	0	0.000958887915543462	0.145997591697674	0	0.192491587667385	0	0	0	0	0	0.0624492807308852	0.0531862040848856	0	0.000925231641862233	0.413706187799841	0	0	0.0821017108636511	0	0	0.0155527573082466	0.6	-0.000213730660933776	1.08988568064478
TCGA.QR.A6GT.01A.11R.A35K.07	0.0171099487898807	0	0.00137298666403879	0.00478961380191804	0	0.106153534787776	0	0	0.00543367246721169	0	0	0.0238532068212647	0	0.582342384471172	0.024642649181899	0.216778737091197	0	0	0.0175232659236427	0	0	0	0	0.601729344574284	0.800487139269104
TCGA.W2.A7UY.01A.11R.A35L.07	0.0722357584418852	0	0.0194425798425971	0.00566142710285907	0	0.0754495403753781	0	0	0.0118564019245027	0	0.000616481801131283	0.0509470644663559	0.0575216404717149	0.238686565230792	0.00166155368349025	0.300893652755756	0	0	0.16361793534939	0	0	0.0014093985541478	0	0.371219688645945	0.932283653098226
TCGA.QR.A70P.01A.11R.A35K.07	0.111690123345225	0	0.0191394283141586	0.0954684488654557	0	0.232460191210217	0	0.0277589238825994	0	0	0.00568292880709068	0.0546400865664235	0.0273893175604903	0.156640318345194	0.0452508125338253	0.161801393416285	0	0.00081721398226658	0.0612608131707688	0	0	0	0.54	0.00791386150929798	1.08017406046578
TCGA.RW.A680.01A.11R.A35K.07	0.00686064760052349	0	0.0135606532631482	0.00304588935402975	0	0.108408068005085	0	0.0469300203430859	0.0243093539383176	0	0	0.0906105232288684	0.00259805454905123	0.320450836188887	0	0.286317617830581	0	0.0274880196062352	0.0694203160921878	0	0	0	0	0.164165197550945	1.03958576148184
TCGA.RW.A68C.01A.11R.A35K.07	0.093585408282792	0	0.0597183642792915	0.0166324680671439	0	0.163432079158199	0	0	0.00193494283908492	0	0	0.0845788330271901	0.095811466648839	0	0.0277227128716348	0.306078725309461	0	0	0.150504999516364	0	0	0	0.12	0.0746477612893151	1.0467488894933
TCGA.W2.A7HD.01A.11R.A35L.07	0.0316826742035363	0	0	0.153899716175168	0	0.114701073356526	0	0.0026260468998448	0	0	0	0.0905862046198911	0.141281807205463	0	0.0519069852945819	0.353837390850634	0	0	0	0.040616547959795	0.013020977739606	0.00584057569495413	0.44	0.0187255040091115	1.08479368387714
TCGA.RW.A67X.01A.11R.A35K.07	0.0485433785596687	0.104466486948484	0.105766368379496	0.0978001052875977	0	0.0797562661971252	0	0.013763267800634	0.0348131733648206	0	0	0.0973053959056228	0.0126938187130883	0	0.0201557366968356	0.238031707886471	0	0.00212074395761407	0	0.143310242300348	0	0.00147330800219381	0	0.325793398677807	0.95439156878534
TCGA.TT.A6YJ.01A.11R.A35L.07	0.00399952602236849	0	0.00973740410429516	0	0	0.565808831658317	0	0.00121330170748643	0	0	0	0.179217435847134	0.0630563414620446	0.0595926246790747	0	0	0	0	0.116649257519273	0	0.000725277000007658	0	0.3	0.0404695668142245	1.12077040916251
TCGA.RW.A688.01A.11R.A35K.07	0	0.00586712420162838	0.0100614549552284	0.0546987179861532	0	0.2623332142294	0	0.0216369272713575	0	0	0	0.077463179119001	0.0834060812403222	0	0.00166225792860214	0.320659374311835	0	0.0134078214435611	0.134794986130841	0	0.0140088611820696	0	0.62	-0.0038551599357025	1.08292964943451
TCGA.QR.A6GZ.05A.11R.A35K.07	0.0498193785434365	0	0.00885656879075473	0.105199112116402	0	0.181965057831983	0	0.0448590835534903	0	0	0	0.0418171443379921	0.0553371505629205	0	0.0274826515248651	0.315869329811347	0	0.0275671257672384	0.140016789155475	0	0	0.0012106080040954	0.44	0.0192211293546665	1.06822179416676
TCGA.PR.A5PH.01A.11R.A35K.07	0.0941761139271543	0	0.035387415141579	0.0624116601923984	0	0.166504318521339	0	0	0.00143254587665429	0	0	0.0527982469190118	0.0706714327911539	0	0.051229266736922	0.323881320494281	0	0	0.117644969324947	0.00694504045181191	0.0169176696227479	0	0.7	-0.0162951262944608	1.07916386748876
TCGA.SR.A6MS.01A.11R.A35L.07	0.271428694751754	0	0.00660876092194464	0.0235590270699931	0	0.197105809112914	0	0.00226074259949256	0.014464765423925	0	0	0.107952861915612	0.0515566219024983	0	0.000613346573398628	0.199891040364438	0	0.102433446967714	0.0221248823963165	0	0	0	0.32	0.0297809824427042	1.08373301842464
TCGA.SP.A6QD.01A.12R.A35L.07	0	0	0	0.0304894073530398	0	0.163788755006832	0	0.0112633256617331	0	0	0	0.097643234934776	0.00713058580825615	0	0.0902154225286439	0.363570294824821	0	0	0	0.235898973881898	0	0	0.32	0.0297148780269271	1.1103395846898
TCGA.RT.A6YC.01A.12R.A35K.07	0.0277708236558049	0	0	0.102585181307895	0	0.34417865758997	0.00937218078356696	0	0	0	0	0.0615638134633331	0.0566585568589447	0	0.074534145634805	0.266897239213564	0	1.82959391753905e-05	0	0.052949649570895	0	0.00347145598204612	0.3	0.0346351283530388	1.08254541761086
TCGA.S7.A7WX.01A.11R.A35L.07	0.0749623817809933	0	0.0672783025519063	0.0893732517904251	0	0.133272274126796	0	0	0.0320532630686844	0	0	0.0708281739134445	0.0508097974372155	0	0.0712623753308162	0.362249060394451	0	0	0.0463423511526222	0	0	0.00156876845264559	0	0.20101483554479	1.00214254051736
TCGA.WB.A81T.01A.11R.A35L.07	0.0194641027730197	0	0	0.0821060763254384	0	0.216047199024988	0	0.0192186382707257	0.0256536657654332	0	0	0.0615451397604377	0.0497654885064049	0	0.0803549739205616	0.330036956591673	0.037155359153633	0	0	0.0786523999076852	0	0	0.24	0.0479204663643869	1.07060726115452
TCGA.QR.A70T.01A.11R.A35K.07	0.0920198650972996	0	0.0353408055447353	0.166747639319392	0	0.244789888470716	0	0	0	0	0	0.0913077181295422	0.0176107952145269	0	0.0238232155850286	0.238307387017297	0	0	0.0900526856214627	0	0	0	0.32	0.0317026861479696	1.07888130253642
TCGA.WB.A81K.01A.11R.A35L.07	0.0654156117344409	0	0.00880670236023831	0.0663679051808821	0	0.206544263601782	0	0	0.0406923343125326	0	0	0.0537199449806564	0.0340851410496906	0	0.0382033851710247	0.34213056587212	0.0825482315139589	0	0.0606933442549636	0	0.00079256996771024	0	0.04	0.109968315817548	1.03590696025674
TCGA.WB.A80O.01A.11R.A35L.07	0.172516457960216	0	0.156766866826737	0.0942548391825258	0	0.0503707655181959	0	0	0.011310079135071	0	0	0.0856079186840729	0.0457780565009577	0	0.0452195176611307	0.247608405887991	0	0	0	0.0891415073194955	0	0.00142558532360621	0	0.463458386227859	0.885539566879619
TCGA.QR.A70A.01A.11R.A35K.07	0.00655060222891261	0.0075881075014282	0.0481493909985444	0.0320726436577827	0	0.206396706034184	0	0	0	0	0	0.105210185547885	0.0611143908187319	0	0.0333668490396147	0.36757499483177	0	0	0.131976129341145	0	0	0	0.18	0.0663386345173589	1.05487147999215
TCGA.WB.A81D.01A.11R.A35L.07	0.0185804277915879	0	0.00586877076995021	0.146713615292916	0	0.180553376072912	0	0.0145071242718315	0	0	0	0.117857494673004	0.0433830654517775	0	0.0152378513188816	0.366407679818935	0	0.00469099223927539	0.0803518047510328	0	0.00584779754789504	0	0.24	0.0476657689198491	1.07420587195749
TCGA.WB.A80P.01A.11R.A35L.07	0.00466135815787337	0	0	0.0263851533788368	0	0.253126500327041	0	0	0	0	0	0.0494615772789374	0.0465571252903299	0.057827685753339	0.0265978426264445	0.444498676827685	0	0.0331507215929398	0.0577333587665727	0	0	0	0.2	0.0637280545795247	1.06750920033617
TCGA.PR.A5PG.01A.11R.A35K.07	0	0	0	0.0196207856551442	0	0.18455913175406	0	0.000286521507846803	0.00472302974294475	0	0	0.0731021851201543	0.040583631356465	0	0.00381693829902688	0.395778174876297	0	0.147468005167614	0.130061596520448	0	0	0	0.62	-0.00618504950582005	1.08794565990441
TCGA.S7.A7X2.01A.12R.A35L.07	0.0357547034770207	0	0.0566955133089943	0.121738930133387	0	0.100335251017951	0	0.000229985463651733	0.0134140581435225	0	0	0.0701717033996215	0.0127402186635951	0	0.0391029119136264	0.430747755018312	0.00234542271568263	0	0.109726637471848	0	0	0.00699690927278717	0	0.171001371953479	1.01512221782498
TCGA.SR.A6MZ.01A.11R.A35L.07	0.0792939057059879	0	0.0166472853324769	0.126536312037149	0	0.164379618324107	0	0.0397605473400367	0.0831009405786451	0	0	0.0969948785627851	0.0184964768199932	0	0.113567838802201	0.22935431839256	0.00012400555565861	0	0.0317438725483989	0	0	0	0	0.214374886008458	1.00625976296806
TCGA.W2.A7HC.01A.11R.A35L.07	0.10692094006264	0	0.00761483880580971	0.114254708156133	0	0.102094643249817	0	0.00851752901933754	0.0140247541047718	0	0	0.0491837028634629	0.106134318742118	0	0.0324921231608577	0.408062336317241	0	0	0.030833929412918	0	0.0165267265632793	0.00333944954161363	0.04	0.113544391850302	1.03954036081178
TCGA.SP.A6QH.01A.21R.A35L.07	0.0549376602993547	0	0.00634776522438145	0.0612337081672278	0	0.10999816796965	0.0134097560990856	0.0191513927517331	0	0	0.00897021455881658	0.0719794985516943	0.0399105062516383	0	0.00054783915691792	0.437626906424446	0	0.00916978574233007	0.166716798802724	0	0	0	0.22	0.053616484117944	1.06372103616277
TCGA.TT.A6YK.01A.11R.A35L.07	0.0220199669655136	0	0	0.0158877921450519	0	0.0907626871334902	0	0.0220750669488465	0	0	0	0.0756783079880154	0.203282656179769	0	0.0331867784087598	0.139664656889491	0	0.0433564746284838	0	0.325794975792831	0.00183650789544746	0.0264541290243	0.0600000000000001	0.0956565741707941	1.08633059206983
TCGA.WB.A822.01A.11R.A35L.07	0.103965997649697	0	0.0127582294789502	0.131175765371923	0	0.245932771817664	0	0	0.0111545031532578	0	0	0.0212637512645434	0.0148520515800144	0.14194579428403	0.0645400308143521	0.230343275416891	0	0	0.0194877762172504	0	0	0.00258005295142757	0	0.287977958460859	0.968060682406759
TCGA.SP.A6QG.01A.12R.A35L.07	0.00558508638630369	0	0.0074296826496233	0.180037859059932	0	0.205009419607796	0	0	0.0129866091922907	0	0	0.0920694810350836	0.0473107132124845	0	0.00523938712474181	0.276787452029862	0	0.0508120175623602	0.0986915118963453	0	0	0.018040780243177	0.6	0.000764910382729868	1.0890461392604
TCGA.S7.A7WL.01A.11R.A35L.07	0.0135985601110982	0	0.00791359122840457	0.215036794915347	0	0.231404137011677	0	0.0692557408849695	0	0	0	0.0865358806415767	0.0298413693914971	0	0.139573334976527	0.193183185824176	0	0.00224240570046458	0.0101106287232638	0	0	0.00130437059099798	0.12	0.0730798071873233	1.08793413252552
TCGA.QR.A70K.01A.12R.A35K.07	0.0409795967770451	0	0.00525619332362832	0.0901396295864589	0	0.19208957833297	0.052721538797569	0	0.0222812317961081	0	0	0.0413786232671901	0.000936936044435297	0.0141761512000747	0.000754851320446538	0.40571876649053	0	0.0987511986636041	0.0348157043999392	0	0	0	0.62	-0.00310435287148112	1.08640148398703
TCGA.QT.A5XL.01A.11R.A35K.07	0.00941315776189114	0	0.00347257926115544	0	0	0.247947757134519	0	0.0170828102640646	0.0207239449415937	0	0	0.0711864264365555	0.0337510256946085	0.133882270213523	0.00677793000907261	0.342256836460665	0	0	0	0.103715565922568	0.00978969589978284	0	0.02	0.125487870336135	1.04633279991408
TCGA.QR.A70M.01A.11R.A35K.07	0.00699065402231139	0	0.00710645755926201	0.0873723281467113	0	0.190832995571293	0	0.0174654184705458	0.00109202856415912	0	0	0.114288732797683	0.0909851438066378	0	0.0360922683712271	0.364617968226585	0	0.0261761862492388	0.0412098252728362	0	0.0157699929415095	0	0.44	0.0169755217566216	1.08307878006831
TCGA.P8.A6RX.01A.11R.A35K.07	0.0606745357689549	0	0.00217658773616656	0.0697493478280354	0	0.270013785715211	0.045288469882958	0	0.0168208986607805	0	0	0.0052581280041808	0.0665493393358617	0	0.00620012619857487	0.305954399634131	0	0.0303304940235322	0.119776818283354	0	0	0.00120706892825912	0.0600000000000001	0.0896501072932484	1.04154806514586
TCGA.S7.A7WO.01A.11R.A35L.07	0.0494521964560517	0	0	0.0529677732584096	0	0.124751746414834	0	0.0183299879511917	0.00922536332109972	0	0	0.0808959739036091	0.0515481291080929	0	0.0331430614910858	0.373535703890967	0.00194748784220377	0	0.194574591475056	0	0.00718500517862697	0.00244297970877256	0.2	0.0606504133306221	1.05767803133847
TCGA.WB.A81M.01A.11R.A35L.07	0.0600386421954438	0	0.0180245840886107	0.000959716093545932	0	0.252937884487692	0	0	0.0304370259404756	0	0	0.0686146295896044	0.0682332376227224	0	0	0.242807048079632	0	0.15957050214751	0.0983767297547635	0	0	0	0.84	-0.024727520318618	1.08243069352648
TCGA.WB.A81J.01A.11R.A35L.07	0.000515356060362732	0	0.00752704050006563	0.0792469928900117	0	0.17587842874884	0	0	0	0	0	0.0689541552449694	0.0712485298970485	0	0.00989020782233757	0.392157432491962	0	0.035380445373725	0	0.135791152406378	0.02002059751988	0.00338966104441901	0.5	0.0110054179414703	1.09071867261024
TCGA.RM.A68T.01A.11R.A35K.07	0.154942710854655	0	0.0421865669071155	0.0606877934339985	0	0.194379945534332	0.0126476376147881	0.00591903886995261	0	0	0	0.0653333009251921	0.0070566474274306	0.0100328301355239	0.10178378417175	0.215560585193166	0.00402788748536492	0.0211025583723564	0.104338713074376	0	0	0	0	0.171791497330789	1.01406550893473
TCGA.WB.A81E.01A.11R.A35L.07	0.0200785349305412	0	0.00895284859723007	0.090607312804426	0	0.195421720817136	0	0.0393005092803321	0	0	0	0.0613403541113227	0.178238988171101	0	0.0849145440121328	0.287265241122695	0	0.00268755494489875	0.0311923912081842	0	0	0	0.32	0.0286086044296985	1.07437523264516
TCGA.SR.A6MP.01A.11R.A35L.07	0.0506442766841247	0	0	0.104313994538098	0	0.314432379754409	0	0	0	0	0	0.0326847242947593	0.0670250421127137	0	0.025717282099295	0.312665859948298	0	0.0267796091588443	0	0.0298397522345197	0.0174887666684799	0.0184083125064578	0.32	0.0325086170048667	1.0751754480373
TCGA.XG.A823.01A.11R.A35L.07	0.118960713618014	0	0.144345199789627	0.0851426783270696	0	0.231457360985611	0	0.00207259264351744	0.00981396010553478	0	0	0.048017116541471	0.0195047118165497	0	0.0796668108911931	0.176989305498378	0	0	0.0840295497830344	0	0	0	0	0.335947854516496	0.947659118820429
TCGA.WB.A81N.01A.11R.A35L.07	0.157033144712544	0	0.0207966214322436	0.0971125527482114	0	0.0937993517457797	0	0.00611702748017978	0.0272159958276086	0	0	0.0789052286582378	0.0575645768964045	0	0.0851863713415116	0.315416475064215	0	0	0.0416915755471998	0	0.0136993532291262	0.00546172531673774	0.3	0.0379715052799867	1.06931679395116
TCGA.QR.A6GX.01A.11R.A35K.07	0	0	0.00155446958855432	0.0270665987864404	0	0.254341636047202	0	0.0264353251028734	0.00395942394866373	0	0	0.0819156956589297	0.0425537835707711	0.00303082440127983	0.0109624881824807	0.399387165080978	0	0.129406895001964	0.0185940993802902	0	0.000791595249572009	0	0.24	0.0488229434177395	1.07315068553509
TCGA.WB.A819.01A.11R.A35L.07	0.0728269244512714	0	0.0356094968541041	0.17848880662948	0	0.101741506018617	0	0.0267677247201897	0.0516309728074914	0	0	0.0649440685088615	0.0237291460188513	0	0.156019688005912	0.190823782540238	0.0093611182079529	0	0.0880567652370318	0	0	0	0	0.189476425956978	1.0147431226255
TCGA.SA.A6C2.01A.11R.A35L.07	0.151357068270431	0	0.0275520014869395	0.111712308995334	0	0.259279290913624	0	0	0	0	0	0.0741504431588414	0.0101913061949105	0	0.0528060843676693	0.28093292505148	0	0.00320262144046578	0.0280126515520969	0	0.000803298568208029	0	0.9	-0.0328278573351826	1.10492711256699
TCGA.S7.A7WN.01A.12R.A35L.07	0.0249528236747779	0	0	0.0329757043872177	0	0.316732027251966	0	0.00125060784529173	0.000800080348262146	0	0.0185327706311969	0	0.107350290215664	0	0.00820463811772128	0.239282061744904	0	0.0552251873068245	0	0.102038170844402	0.0461316444984854	0.0465239931332861	0.22	0.0544504736664251	1.05942703805412
TCGA.P7.A5NY.01A.12R.A35K.07	0.159520308451968	0	0.0192417343222779	0.0216912787388845	0	0.15863699598505	0	0	0.00612701965694621	0	0	0.0889090281325939	0.071825181802092	0	0.00471668048974947	0.346923841938645	0	0.00750016924652781	0.0964787232866235	0	0	0.018429037948642	0.7	-0.0175389712998993	1.0870234336837
TCGA.RW.A684.01A.12R.A35K.07	0.11485607219154	0	0.0542710025943805	0.0431744823980869	0	0.11667409825987	0	0.00381660390640393	0	0	0	0.156535409801027	0.101643213188669	0	0	0.239728542883738	0	0.072293986934073	0	0.0924766839461997	0.00452990389601171	0	0.2	0.0604927256422761	1.0680028195113
TCGA.QR.A6GO.01A.11R.A35K.07	0.0465108273490016	0	0	0.110396412421788	0	0.174058673362508	0	0.0117312249292837	0.0379713016030875	0	0	0.0977370765360854	0.10581814787748	0	0.0559074866664693	0.0839041578829995	0.0206318846345825	0.045549168192595	0	0.164437828248124	0.0450407247969654	0.000305085499029542	0.04	0.118157846136153	1.04703388840994
TCGA.QR.A6H4.01A.11R.A35K.07	0.0381345333013924	0	0.0117228894880327	0.382168644040423	0	0.0514864034096718	0	0.0382662101763383	0	0	0	0.113119106396825	0.0312048893151209	0	0.0706400863386036	0.218903816599763	0	0	0.0443534209338295	0	0	0	0.14	0.0701956879678442	1.08630556910958
TCGA.SR.A6MY.01A.11R.A35L.07	0.114814492519563	0	0.0267311728898743	0.0928251181241601	0	0.173710541912398	0.0299319777372732	0.0254449501440962	0.00169094209369637	0	0	0.0780006093819766	0.00727496532415945	0.109300492577901	0.0741134431906245	0.227550097802241	0	0	0.0292030601911203	0	0.0021925738383777	0.00721556227253889	0.04	0.106146493400257	1.04224543166224
TCGA.P8.A5KD.01A.11R.A35K.07	0.0611702134096744	0	0.0113804064458539	0.0890329081024925	0	0.236698707235393	0	0.00939619235185171	0.0309099737171808	0	0	0.0386821711255581	0.130254416835452	0	0.0304102807219929	0.308313846820837	0	0.0163782402614289	0.037372642972286	0	0	0	0.12	0.0748369848198007	1.0520693041558
TCGA.S7.A7WP.01A.11R.A35L.07	0.0282559514200194	0	0.00178630943916492	0.0245313830678545	0	0.0490174292212496	0	0.000666827046804722	0.0105304959266717	0	0	0.0509364571551172	0.124015161100113	0.0669755565037012	0.0108974648996232	0.455384243932102	0	0.0292583939131249	0	0.142508922631363	0	0.00523540374309104	0.46	0.0142060040687398	1.10750481318445
TCGA.SP.A6QI.01A.12R.A35L.07	0.0155758524162993	0	0	0.0977008659920651	0	0.172377863745107	0	0.0403870360791559	0	0	0	0.103196286649812	0.172016180091694	0	0.00533929175183613	0.199726665538601	0	0.0517120322776025	0	0.10197536198126	0.0399925634765676	0	0.26	0.0455772308972466	1.07044243863033
TCGA.RW.A8AZ.01A.11R.A35K.07	0.00588453680801175	0	0.0142797478220014	0	0	0.259435037502015	0.00256012528798117	0.0033497479058146	0.0441519218136161	0	0	0.0337821090454405	0.0354542959360464	0.203616847334567	0	0.144158064670264	0	0	0.227191542999264	0	0.021097688053722	0.00503833482125603	0.56	0.0053939790961025	1.08413648867154
TCGA.WB.A81W.01A.11R.A35L.07	0.0167556679531318	0	0.00122848451537432	0.0768226117672549	0	0.265661778343675	0	0	0.0160989511945094	0	0	0.0876492738913144	0.0441222460951495	0	0.0439155765343824	0.341322824958927	0	0	0.106422584746281	0	0	0	0.56	0.00728854703167357	1.08406182770764
TCGA.TT.A6YN.01A.12R.A35L.07	0.0118624117060224	0	0	0.027507313730373	0	0.0890286107639523	0	0.0507494214981157	0	0	0	0.126377065822531	0.203357822309278	0.0672580866433318	0	0.117196351988794	0	0.124570745683844	0	0.11613585025882	0.00388715334787481	0.0620691662470637	0.54	0.00913615361759423	1.09202571932537
TCGA.WB.A80Y.01A.11R.A35L.07	0.011508963833543	0	0.0081377073922654	0.16136128973895	0	0.136839823616499	0	0.0194687620324599	0.0115698821751831	0	0.00719618156693663	0.0404962573765328	0.238702113540876	0.028236394948708	0.0327127676842826	0.175106528535364	0	0	0.1286633275584	0	0	0	0.52	0.009986886198184	1.07545438852804
TCGA.QT.A69Q.01A.11R.A35K.07	0.0487869466372134	0	0.00642114827088134	0.0850780598467923	0	0.190512233791313	0	0	0.0473288179896101	0	0	0.100028175869878	0.0475481547443331	0	0.0407887336998519	0.392084797294672	0.0164833968585902	0	0.00558207072388451	5.17226814026975e-05	0	0.019305741591577	0.16	0.0669671185170443	1.06561176173013
TCGA.SR.A6MR.01A.11R.A35L.07	0	0	0.00357600510185884	0.0269609735854696	0	0.0769951468910557	0	0.0091250826695106	0	0	0	0.0881823159091375	0.101621113732339	0	0.0441831388918302	0.100169847444074	0	0.0191385902134624	0	0.37197080085291	0.112284345592898	0.0457926391154536	0.0600000000000001	0.0947099583369946	1.10735937503156
TCGA.QR.A6H2.01A.11R.A35K.07	0.120631327494005	0	0.0253904718647578	0.120787608838009	0	0.285856041257493	0	0	0	0	0.0236432600630184	0.0529729742233977	0.00990235150619347	0.0164430829426838	0.0519788607106252	0.198580946684986	0	0.0240968820896197	0.0697161923252116	0	0	0	0.24	0.0488266832403861	1.06869327222178
TCGA.WB.A820.01A.11R.A35L.07	0.0207658116847987	0	0.000448254326757503	0.154548676436055	0	0.258108650192158	0	0	0.0193462396960277	0	0	0.0676968027049336	0.0434586727983159	0.00833483238648076	0.0651467227757774	0.280454931503765	0.00743868637759746	0	0.0722671864299948	0	0	0.00198453268733864	0.04	0.101367344597463	1.04994872266999
TCGA.RW.A68F.01A.11R.A35K.07	0.0342423114384584	0	0.00758968462673563	0.190565972885548	0	0.228481753124716	0.0338891135948075	0.0239151062782775	0	0.0467360161137596	0	0.0586652363480097	0.0210393751150919	0	0.107557085030498	0.189140801159116	0	0	0.0581775442849824	0	0	0	0.34	0.027188619619121	1.09279781849695
TCGA.W2.A7HE.01A.11R.A35L.07	0.0370164513276109	0	0.00838045913463888	0.160649548623873	0	0.13855111490977	0	0.0191101625078074	0.000369754519643745	0	0	0.0737559690195858	0.0442770056307163	0.00217462127377352	0.108334342367569	0.346905262774409	0.00741279957980515	0	0.0530625083307983	0	0	0	0.0600000000000001	0.0993658483285408	1.05022627880875
TCGA.QR.A708.01A.11R.A35K.07	0.113923802847694	0	0.0643463400594011	0.0980339236245858	0	0.211342802469284	0	0	0.00527575292500973	0	0	0.0920054320342663	0.0437897761908059	0	0	0.27363719417759	0	0	0.0976449756713626	0	0	0	0.6	0.000755608257219135	1.08354145779604
TCGA.QR.A6H5.01A.11R.A35K.07	0.135876893691573	0	0.0534772001225516	0.0200664577737025	0	0.239900829971756	0	0	0	0.00411063104789215	0	0.0463390942684971	0.0456109838570102	0	0.0101501680239169	0.241294286315393	0	0.028084991963444	0.170210893091288	0	0	0.00487756987297556	0.04	0.112805538134926	1.03184544125001
TCGA.QR.A70V.01A.11R.A35K.07	0	0	0.00698167554825167	0.05049618948482	0	0.234426686319153	0	0.00841325848295091	0	0	0	0.128020982790597	0.0691329006348092	0	0	0.431780149119577	0	0.00668059391776844	0	0.0606909486180981	0.00337661508397443	0	0.5	0.0109006511198303	1.0994667345981
