B cells naive	B cells memory	Plasma cells	T cells CD8	T cells CD4 naive	T cells CD4 memory resting	T cells CD4 memory activated	T cells follicular helper	T cells regulatory (Tregs)	T cells gamma delta	NK cells resting	NK cells activated	Monocytes	Macrophages M0	Macrophages M1	Macrophages M2	Dendritic cells resting	Dendritic cells activated	Mast cells resting	Mast cells activated	Eosinophils	Neutrophils	P-value	Correlation	RMSE
TCGA.AG.3887.01A.01R.1119.07	0.0780700823701873	0	0.00557421094063024	0.237144719255269	0	0.135871346139826	0.126800745354254	0.0082702331980888	0.0230959919980769	0	0.00549524254128716	0.0490923328427345	0.0160437928531417	0.146871327010718	0.0953292910234731	0.0498605485892417	0.0219938455986712	0	0.000486290284401428	0	0	0	0.02	0.167808758994396	1.02815004861774
TCGA.EI.6509.01A.11R.1736.07	0.0010015014884654	0.0149446108019929	0.00076883197459623	0.0203087386591615	0.0154915475731567	0.0119450470443459	0	0	0.00364643936630978	0	0.0207156634367867	0	0	0.796158937455312	0.0100177624786747	0.0511028859675257	0.0057417635770837	0	0	0.0481562701765892	0	0	0	0.697472369853759	0.721260240896639
TCGA.DY.A1DE.01A.11R.A155.07	0.040436132684344	0	0.00197665804142031	0.0735048852065732	0	0.0786839006916725	0.0437034954354083	0.0485819995468264	0.0454510393955051	0	0	0.0304175032430981	0	0.429377386363674	0.0535905119673906	0.130568407003852	0.00139368629012724	0	0.0223143941301089	0	0	0	0.02	0.151261127533831	1.05147533785232
TCGA.DY.A1H8.01A.21R.A155.07	0	0	0.00856193831001245	0.0645056227639342	0	0.280240590983869	0.102343072278389	0.0655425958419489	0.0166128222211647	0	0.0243042233188134	0.0368964826465567	0	0.258426974985427	0.0611777681689883	0.0602901300097494	0	0	0.021097778471147	0	0	0	0.38	0.0337891647477661	1.08974509330062
TCGA.DC.6683.01A.11R.1830.07	0.0478878579572463	0	0	0.0198060686394266	0	0.235397026236766	0.0187436378769669	0.021271346107943	0.0188490362583675	0	0.00610987687519905	0	0	0.401709587234378	0.0900691228533287	0.0981267127808215	0.00497907865018909	0	0.0370506485293668	0	0	0	0.0600000000000001	0.122788262779655	1.06129537541805
TCGA.DC.4745.01A.01R.A32Z.07	0.0264291016993633	0	0.00472922133955201	0.053101269744065	0	0.25128371380349	0.140803602553203	0.006820170782057	0	0	0.0423842467706637	0	0	0.235692380498928	0.0287364266977167	0.131725046858109	0.0080417944025848	0.026633414966213	0.0385448801994744	0	0.001018057659437	0.00405667202514429	0.12	0.0829285335391495	1.05309280163919
TCGA.AG.3578.01A.01R.0821.07	0.0290485994451389	0	0.0110130923170699	0.0401284598765931	0	0.297181126758493	0.0470423912458392	0	0	0	0.0129014553632207	0	0	0.253531922525389	0.0302932144172733	0.128013048115581	0.00328159265824668	0	0.0294394553208388	0.00838919441913182	0.0183997322223882	0.0913367153147972	0.0600000000000001	0.120063756198763	1.04423423275218
TCGA.AG.3581.01A.01R.0821.07	0.0354743872083484	0	0.0145028546279237	0.0304761551665261	0	0.232103573530758	0.0188025575667403	0	0.0103251679524225	0	0.0301393793308414	0	0	0.265899670712461	0.0515838993810744	0.227661530359032	0.0161215107524836	0	0	0.0437415078040697	0	0.0231678056073185	0.1	0.0950292371375534	1.05894326833869
TCGA.F5.6812.01A.11R.1830.07	0.0843546199102403	0	0	0.0873090956281568	0	0.124338459772976	0.0151367700075018	0.0538422142282216	0.0534188982609677	0	0	0.0361987614060861	0	0.260764728501603	0.174372870297581	0.0685920333763817	0.00677676485177412	0	0.0348947837585097	0	0	0	0	0.192884833137317	1.021738094495
TCGA.AG.A01L.01A.01R.A002.07	0.0296725213323693	0.0187928396750283	0	0.165670529559921	0	0.25669720392456	0	0	0.00779819687133607	0	0	0.0727912539256328	0.0346397753592472	0.237314519591022	0.0588640735380675	0.0414053408454268	0.0294745107042832	0	0.0410167331974187	0	0.00586250147568783	0	0.24	0.0575997913444913	1.07617855388485
TCGA.AG.A020.01A.21R.A083.07	0.0192875354169575	0	0.00757698640590085	0.190005972622636	0	0.147192240226962	0.111071524431625	0.035197239793577	0.00761408141823927	0	0.0429858653624613	0.0155881595092035	0.0249485675467839	0.285729656844901	0.0452128629151136	0.0656293177049049	0	0.00195998980073499	0	0	0	0	0.3	0.0456783181613486	1.08395220344017
TCGA.AG.3611.01A.01R.0826.07	0	0.00432163264168865	0.0759624292543859	0.0402867193594586	0	0.266770675117785	0	0.0214211557000533	0.0365407007977074	0	0	0.0358811653851078	0.0013493274631252	0.232946504521609	0.0450006572034027	0.149515117895528	0.0342234922174061	0	0.0168108640193876	0	0.0333838148541389	0.00558574356921593	0.04	0.141793697320727	1.0318050164011
TCGA.AF.2690.01A.02R.1736.07	0.0333116827062	0	0.0208547852908713	0.0816922869075703	0	0.15308362258675	0.0704971287103647	0.0309064032246435	0.0286599325122123	0	0	0	0	0.218026664626485	0.0616976983607958	0.202019137425174	0.0433581248931064	0	0.0363208945881853	0.00336144164610345	0.000386390672685977	0.0158238058488517	0.04	0.140498989123447	1.02870160499605
TCGA.AG.3890.01A.01R.1119.07	0.00769758178781847	0.0205322241985326	0.0456317325300411	0.164857125462855	0	0.168915763919786	0	0.0874286244024828	0.0638710540002256	0	0	0.0843240444320981	0	0.165318665846539	0.0428297374571622	0.104170459697468	0.032728274574129	0	0	0.0116947116908634	0	0	0.0600000000000001	0.122609094547245	1.05047508839743
TCGA.EI.6511.01A.11R.1736.07	0	0.00695834497682625	0.0412678282715232	0.159972803925723	0	0.0739280863620733	0.118725952303538	0.017538051275724	0.0307364353093114	0	0.00107264028513493	0	0	0.359882902462997	0.079621991921859	0.097623094673795	0	0	0.00509935473822575	0	0	0.00757251349326897	0.08	0.10299036340239	1.06149790452151
TCGA.DC.4749.01A.01R.1736.07	0.0234059096061194	0	0.0220914590500188	0.0594295995532645	0	0.171744743412934	0.176090896519558	0.0598144840606508	0	0	0	0	0	0.276557594753512	0.0404772935834737	0.103031859614282	0.0301244129178784	0.0255606203295547	0	0.00449084316176099	0.00718028343699138	0	0.2	0.0635670430951575	1.06409877520193
TCGA.AG.A008.01A.01R.A002.07	0	0.00420839754999151	0.00268772785267333	0.0596830904616093	0	0.474828962876061	0	0	0.0333006751717255	0	0.00450544771238625	0.0485491741796981	0.0260935281104623	0.181529463637141	0.0034358974993962	0.0155764162906351	0	0.00651065313009262	0	0.139090565528127	0	0	0.2	0.0654689902047382	1.09385110639389
TCGA.AG.3902.01A.01R.A32Z.07	0.0500113548872617	0	0.00535774266229844	0.231554615117901	0	0.110781248202088	0.0371822522207341	0.0279400170736348	0.0335161507619891	0	0	0.0672541926783021	0	0.0502675254779243	0.0701629982740329	0.16331351664816	0.0339469867551428	0.0113413629142244	0.0548732928180304	0	0.0524967435082753	0	0.02	0.180610984481322	1.01383075771442
TCGA.AG.3594.01A.02R.0821.07	0.023552284476593	0	0.00229530090931063	0.237446322135118	0	0.203487865357224	0.0638767389074604	0.0620462878163281	0.013655810942007	0.0295284419789116	0	0	0	0.0337235865496595	0.100599525156855	0.0727962130957209	0.012758614602275	0.00758477030032556	0.00511210600799797	0	0.0278337692468849	0.103702362517328	0	0.215651510893193	1.01224405755307
TCGA.DY.A1DC.01A.31R.A155.07	0.0480954819338457	0.0017041024538982	0	0.126446317808379	0	0.21724837441614	0.159374649987957	0.00502760818092619	0	0	0	0	0	0.152022920920658	0.0989940126590565	0.135026669637842	0.0198218235365774	0	0	0.0227611021194432	0.0134769363452766	0	0.1	0.0945381134235483	1.04918300452723
TCGA.EI.6882.01A.11R.1928.07	0	0.00433192114216245	0.0400874987641221	0.0621488847620401	0	0.246606272586508	0.0747445804804044	0.00966060454663061	0	0.0143376020496183	0.013014624654553	0.007774871483025	0	0.190979600292944	0.0947700717631697	0.121435866591551	0	0	0.075940257116649	0	0.0214547722599987	0.022712571506623	0.18	0.0693771694862362	1.05450286506048
TCGA.AF.2693.01A.02R.1736.07	0.0548560467964246	0	0.0435811753799649	0.0776813381752682	0	0.294208392612241	0	0	0	0	0.00122684804495845	0	0.0271245253906957	0.11090365802048	0.0549705274921111	0.169022656921861	0.0144672552298167	0.0488599163180438	0	0.102646511109395	0.000451148508739978	0	0.02	0.154941008994994	1.02146863921045
TCGA.AH.6903.01A.11R.1928.07	0.0546427601688514	0	0.021946917752309	0.0328094403514451	0	0.368628824640346	0.236972083200849	0	0	0	0.0587445788087162	0	0.0128154136952119	0.0698500471972797	0.0163422588100665	0.0501930884939095	0.0163671077393381	0.0395031237607656	0.0144536410635429	0	0.00673071431736937	0	0.12	0.0804274759432132	1.05966177343128
TCGA.AG.3909.01A.01R.1119.07	0.0111880871864694	0.00651565843190013	0.0283806461670012	0.0807674573048186	0	0.2286875840569	0	0.0493796951500115	0.0501377388524572	0	0	0.0355394140854177	0	0.126090837552705	0.0453570070872772	0.189910937107422	0.0614627173187917	0	0.0684056088630392	0	0.0179449527547858	0.000231658081002715	0.1	0.0875473495806231	1.0470388353078
TCGA.AF.A56L.01A.31R.A39D.07	0.0787515822140275	0	0.00653637932583012	0.0932883234016744	0	0.0487877077027756	0.0236841962475604	0.116397201060188	0.0434510986154233	0	0	0.027909110978513	0	0.240661853915648	0.0940945193727902	0.12449152482557	0.024926915155023	0	0.0770195871849767	0	0	0	0.04	0.142240365340799	1.02905444501912
TCGA.CL.5918.01A.11R.1660.07	0.00301678488290493	0.00507524950740071	0	0.070878432360772	0	0.335411155276734	0.0674344443274614	0	0.0107610290880187	0	0.112310838292018	0.0864504158059841	0	0.13742352155911	0.0456558851926491	0	0.0100096905625167	0.0330985028972523	0.0700362334524885	0	0	0.0124378167946896	0.08	0.110006970598663	1.06740728487325
TCGA.F5.6814.01A.31R.1928.07	0.103277011553578	0	0.014356294130796	0.0646865670402959	0	0.182923186140212	0.0816854465863694	0.0403423280116987	0.0096587645078308	0	0.00310242984651438	0.0190839236803245	0	0.231747888693184	0.120096513545488	0.0884041125721999	0.0231805621930289	0	0.0174549714984795	0	0	0	0	0.271656130636555	0.975777266773549
TCGA.AG.A016.01A.01R.A002.07	0.0284095310693145	0	0.00459575738291335	0.0832142011950199	0	0.155247185335844	0.0927392513965989	0	0.00667743331494999	0	0	0.10603061816331	0.00611832387204443	0.179909343339381	0.0229032091488208	0.227170930156461	0.0159342380350741	0	0.0710499775902683	0	0	0	0.68	-0.00670787829789289	1.09115071106011
TCGA.AG.3592.01A.02R.1736.07	0.0589737047971459	0	0.00561724389738557	0.12767123229255	0	0.289149677307889	0.00533033271083582	0	0	0	0	0	0.0248571110414161	0.232747280788718	0.0755052991082851	0.0792762776147307	0.00453017214392349	0.00354485109582521	0	0.0927968172012949	0	0	0.1	0.0940480972361855	1.05880798071818
TCGA.AG.A026.01A.01R.A00A.07	0.0281351242307779	0	0.00912489751763454	0.0946916254897701	0	0.279043736792959	0.0257303789999614	0.0636174607177944	0.0257906220435278	0	0.0293017661295605	0	0	0.188129896084978	0.0664133359300665	0.138910772899834	0	0	0	0.000384208800658435	0.0507261743624778	0	0.32	0.0437050491781963	1.07904200896044
TCGA.AG.3727.01A.01R.0905.07	0.130022885219699	0	0.0581521130024039	0.0832014064282979	0	0.129329897456807	0	0.00458224993036316	0.0969148422417095	0	0.0370513237745269	0	0.0112727353821497	0.241297742116446	0.0454824824241037	0.10800936987872	0.0118235188414769	0	0	0.0377360435790418	0	0.00512338972425379	0.08	0.110601003496547	1.04553747891094
TCGA.CI.6624.01C.11R.1830.07	0.0836143041187958	0	0.0109281890006404	0.0874797055654953	0	0.217625327810467	0.0387441503568422	0	0.0535790568323106	0	0	0	0	0.266643340817312	0.10909038720133	0.074227506474879	0.0142227434756752	0	0.0248085827975713	0.0190367055486817	0	0	0.02	0.161665695270227	1.02767166777313
TCGA.AF.3911.01A.01R.1736.07	0.0253441846126003	0	0.00561771814141449	0.0786488130401341	0	0.201017591228186	0.0845793857113577	0.030470704669612	0	0	0.00861264762436896	0.00452391552681842	0	0.153166132163784	0.0567331936631823	0.151369007689976	0.0459989453528548	0	0.078852154726365	0	0.0644820789433799	0.0105835269059652	0.0600000000000001	0.121591792992281	1.02790556154466
TCGA.AG.3893.01A.01R.1119.07	0.0428117680401096	0	0.00966802836273979	0.0648897377454704	0	0.214472217640329	0.062076150670112	0	0.00375908744589023	0	0.0133352782557376	0	0	0.228648715395848	0.100941173580416	0.172944547738173	0.0107273811873146	0	0.0441759358574849	0	0.0310744867854298	0.000475491294944238	0.04	0.129358835276606	1.03559713210274
TCGA.EI.6883.01A.31R.1928.07	0.220446257775532	0	0.0233593513171148	0.0926177669180674	0	0.0383388826145482	0.0770095137479027	0.0121561951134606	0.00859379980637747	0	0	0.0425923409275036	0	0.308670063418462	0.0733661537579525	0.0564332956585941	0	0	0.0464163789444836	0	0	0	0	0.346889824304156	0.943752348481407
TCGA.DY.A1DG.01A.11R.A32Y.07	0	0	0.022013797668019	0.149526629920623	0	0.0764135789566809	0.129875990381065	0	0.00434753642107332	0	0	0.0369355420619685	0	0.383099208688255	0.0740486624663919	0.0834387073419339	0	0.0243963974011912	0	0.0159039486927983	0	0	0.38	0.0351321189655285	1.09849618890182
TCGA.CL.5917.01A.11R.1660.07	0.00627195864592149	0	0.00253746219154009	0.00550165486552227	0	0.199793036585877	0.148282620920507	0	0	0	0.0215299221628552	0	0.00394454395514662	0.281857680260551	0	0.062290671962468	0.027141114131044	0.127109780654926	0.00842511131601737	0	0.0586925757077033	0.0466218666399208	0.32	0.0424335508936869	1.07353255732306
TCGA.AG.3608.01A.01R.0826.07	0.0159994620485399	0	0	0.154632769058752	0	0.105672732241895	0.139777076750432	0.0142117328118233	0	0	0	0.0643009378807669	0.0231452639364652	0.128140299328979	0.0755862354130294	0.149897510618883	0.0256362037663708	0	0.0582848915167102	0	0.0447148846273538	0	0.0600000000000001	0.124693252896017	1.03162239548268
TCGA.AF.A56K.01A.32R.A39D.07	0.0249394350177962	0	0.0242259915896692	0.0594911320098514	0	0.213952628377715	0.0827226876630575	0.0294436001804823	0	0	0	0.0204911823187183	0	0.247165160691741	0.0741138179840039	0.117505255054739	0.0143822702694421	0	0	0.0768446783842253	0.00297913584333956	0.0117430246152196	0.08	0.0982030570220327	1.05142914840583
TCGA.EI.6514.01A.11R.1736.07	0.024604065081335	0	0.000746754196593401	0.0359276540650386	0	0.19897595404455	0.0182866068969004	0.0130365760549953	0.00727968166656277	0	0	0.056843331603005	0	0.416975754863929	0.039074410700094	0.12226265916598	0.0165080363724637	0	0.0487799820542458	0	0	0.000698533234307273	0	0.22196854897013	1.01528864062443
TCGA.AG.A023.01A.01R.A00A.07	0.0938652673887708	0.0229296923209419	0	0.129875288018276	0	0.197689140784026	0.201997102529879	0.0131377493959475	0.0312290466764812	0	0	0.0246912774736722	0.0102046517886978	0.138025698506717	0.0404294077956943	0.0319855695083725	0.0253687101682234	0	0.0292730038620322	0	0.00929839378226903	0	0.02	0.179631850143449	1.01386273058712
TCGA.EI.6884.01A.11R.1928.07	0.0251419803589971	0	0.101311630189695	0.139031170409129	0	0.141692044058658	0.0287177662046196	0.0249655060290876	0.0294837787010368	0	0	0	0	0.180847309775233	0.079293290748933	0.106042950708887	0.0282000061698523	0	0.094261503370215	0	0.00826954202984745	0.0127415212458094	0	0.228659945529875	0.989192732698748
TCGA.AH.6644.01A.21R.1830.07	0.0681085408261498	0	0	0.0977051781237235	0	0.188806514884356	0.0645178776477518	0.0442337958506051	0.0350975304433787	0	0.0220571479504636	0	0	0.144890522963859	0.0790366084339425	0.126978459746743	0.000928111910913469	0.0185160224934161	0.0865253656982501	0	0.00894581294166666	0.0136525100847802	0.04	0.140644292910454	1.02460445669676
TCGA.AG.3600.01A.01R.0826.07	0.0498221836069098	0	0.00265037340873582	0.154596490981534	0	0.140989255217248	0.00558949312482319	0.00178754381706248	0.0205194956131059	0	0	0.075952871732883	0	0.0921368849736302	0.0291856386784002	0.27759992600794	0.0399827602126898	0.011781558523366	0.056101281410253	0.0153945458682367	0	0.0259096968231819	0.04	0.128070079134294	1.03335392779804
TCGA.F5.6571.01A.12R.1830.07	0.0395180044993593	0	0.00402585508685492	0.084102497622251	0	0.104476365404238	0.026299210522288	0.0179904312326086	0.0577531108228511	0	0	0	0	0.3272376817744	0.0505665521401063	0.173182208441364	0.0329727944888073	0.00248909749039202	0.0487666489561901	0	0.0306195415182893	0	0.0600000000000001	0.125066226756719	1.04734143546197
TCGA.AG.4001.01A.02R.1119.07	0.0161322269991613	0	0.00488281127888243	0.054642454360715	0	0.0444171098152203	0.0742755440369695	0.0136823310888782	0.0251732873754276	0	0.0293349358705221	0	0	0.446385506329489	0.0662964117680641	0.177445572650184	0.0122266845688839	0	0	0.0351051238576022	0	0	0	0.277615328279859	0.995804290572173
TCGA.AF.2691.01A.01R.0821.07	0.0477645187397844	0	9.23666868635363e-05	0.149191728677389	0	0.215660811865893	0.0259493653894626	0.0375303721545572	0.00879163726665059	0	0.0433856943329563	0.0299709817450883	0	0.179684927599753	0.0550805679517401	0.156301468378301	0.00256694272581203	0	0.0369593145261796	0	0.0087103003236952	0.00235900163587477	0.04	0.133235495822506	1.03827329676102
TCGA.AH.6547.01A.11R.1830.07	0.0437393803196947	0.0582421609013614	0.0206031071932365	0.100958857855304	0	0.103233331504128	0.0324304697962716	0.0265844044789902	0.062926911862399	0	0	0	0	0.276919293050623	0.0279553239911871	0.176321231829661	0	0	0.0356973904729612	0	0.0332711851070335	0.00111695163714808	0.02	0.182684016924724	1.01516331737812
TCGA.DC.6157.01A.11R.1660.07	0	0.00860519230368987	0.0221349860208686	0.059615987835022	0	0.127385237027208	0.122671049955281	0.074357314720452	0	0	0	0.0195281930232626	0	0.236625964946809	0.0844780529057525	0.133748871373227	0.0144665247071887	0.00844226465928661	0.0879403605219514	0	0	0	0.24	0.0586715587011184	1.05980202897961
TCGA.AG.3731.01A.11R.1736.07	0.0461659307584211	0	0	0.0477791250034704	0	0.20561259564306	0.0576219245732462	0.0334019852011969	0.00665012513371967	0	0	0.0295063552210866	0	0.206616939880327	0.148051207504919	0.117844361029859	0	0	0.0703029624518142	0	0.0110108919250746	0.0194355956738043	0.1	0.0858031040786905	1.05741160916534
TCGA.AG.3598.01A.01R.0826.07	0.0204532284758399	0	0.0049303660568388	0.174263452274363	0	0.110617765996908	0.185130871549224	0.0127861018216885	0	0	0.0500630754148145	0	0.00386361354301137	0.128280411440072	0.110024963068821	0.123752806251095	0.0140396782935151	0	0.0152659223215515	0	0.0375801818641249	0.00894756162813227	0.02	0.165234776883929	1.01932869999491
TCGA.AG.3896.01A.01R.1119.07	0.0511768211483899	0	0.0027204281927181	0.0152856000773499	0	0.211347382771274	0.0630271324078738	0.00678450195959082	0.00271186659475384	0	0.0579529188830155	0	0	0.176254746599176	0.0602449957544942	0.26897641796786	0.0195753710332479	0	0.00603726359795951	0	0.0579045530122961	0	0.1	0.0849003892580829	1.0510360971264
TCGA.CI.6622.01A.11R.1830.07	0.13557645041027	0	0.0195529705126217	0.0385556532811813	0	0.177877618249148	0.238467242524014	0	0.00385562603027571	0	0.0564077619410984	0	0.011751126195331	0.0791958022834807	0.0263783892943434	0.137672779665486	0.0185444289305596	0.0097029399514409	0.0368013125514759	0.00250613363766641	0	0.0071537645416073	0.08	0.109267676677691	1.03073831311367
TCGA.AG.3584.01A.01R.0821.07	0.0140536740000178	0.00177552519688018	0	0.0871515440691058	0	0.125046784431776	0.045840221733103	0	0.110129224060843	0	0	0.0387985000035009	0	0.346038221842956	0.0331663159333966	0.151652961869069	0.00539592402245748	0	0.0409511028368938	0	0	0	0.1	0.0903078397636414	1.06875086393395
TCGA.EI.6885.01A.11R.1928.07	0.0833477885618926	0	0.00892362959124607	0.0220669583534736	0	0.0567569149200201	0.106310967293625	0.01077319427658	0	0.000824206024740562	0.0417992594566836	0	0	0.345496479138743	0.0292162480740466	0.0809783303214648	0	0.0231505641838228	0	0.190355459803661	0	0	0	0.564432704144718	0.827617691632915
TCGA.DC.6156.01A.11R.1660.07	0.0252851292992661	0	0.00174836427653577	0.244983565773976	0	0.0558118473771197	0.023614320273089	0.0152696783540909	0.0150696310168555	0	0	0	0	0.368689277468912	0.0437204978543363	0.177590640359292	0.00131466702513187	0	0.0219842309859575	0	0	0.00491814993543737	0	0.46055435738866	0.888175537568807
TCGA.AG.3878.01A.02R.0905.07	0.198840108639781	0	0.0396767296458981	0.116599441153226	0	0.0784002631562139	0.16118691272261	0	0.0255643733261447	0	0.0445002245170506	0	0	0.0946608161798048	0.0542512885928899	0.14978214659029	0.0051448936304257	0	0.00600851630604755	0.00172303223963266	0	0.0236612532999858	0	0.413714114307258	0.909595110781065
TCGA.AG.3587.01A.01R.0821.07	0.0590636868683156	0	0.0101873240097858	0.107041991950954	0	0.149509853418246	0.163462899074087	0.0218231795702407	0.00735418747814278	0	0.00846920023122776	0	0	0.34169429573116	0.0419678754475068	0.0783082966705353	0.00235272181579617	0	0	0.00876448773400181	0	0	0	0.185344726333413	1.01967384562967
TCGA.AG.A01N.01A.01R.A00A.07	0.0373780761786122	0	0.00916449631369085	0.0205144886200585	0	0.130123115279139	0	0.0012858884618047	0.0589446213107563	0	0	0.0293674927880345	0	0.569419361133243	0.0127472042722341	0.0669726359168328	0	0	0	0.0395127239798024	0	0.0245698957457915	0.04	0.134038118460998	1.09259656898532
TCGA.AG.3599.01A.02R.0826.07	0.0313453308046143	0	0	0.252007327882532	0	0.0836999144515313	0.000874796763060616	0	0.0324345842829545	0	0	0.0413050776249444	0.0356794174511535	0.190301266799328	0.0974253321757751	0.170874008423515	0.024837275193542	0	0	0.022196152655279	0.0170195154917701	0	0.08	0.108862836932034	1.05229757957756
TCGA.CI.6619.01B.11R.1830.07	0.00497936123443994	0	0	0.0575696833791488	0	0.183179758865476	0.096874685830194	0.03573207479007	0.018730929350264	0	0.0150958683901739	0	0	0.239793918777179	0.0770971754788582	0.0857526941049046	0.00278078714716548	0.0332233903184462	0.113225569463284	0	0	0.0359641028703967	0.34	0.0408858643886288	1.06850057109503
TCGA.AG.3883.01A.02R.0905.07	0.0143351012161304	0.00308727579748125	0	0.0347493705619943	0	0	0.162887425255494	0.0025742365126845	0.0423915012223803	0	0.0611923500767809	0	0	0.327161637590545	0.0226198339170947	0.175701876389108	0.0105007270842954	0	0	0.0936495399088568	0.0344046725556758	0.0147444519114795	0	0.329957892031421	0.955421138582718
TCGA.AH.6549.01A.11R.1830.07	0.0573668489489096	0	0.0111216239648155	0.0253484802828011	0	0.393329432953604	0.0720960834261184	0	0	0	0.0302255792441691	0	0.0196259115234078	0.0751978218395694	0.107313327403313	0.151430065729562	0.0201942991707021	0	0.0306383446308368	0	0.00151872117082106	0.0045934597113701	0.08	0.106128952311511	1.04519139343463
TCGA.DC.5337.01A.01R.1660.07	0.0137641830692815	0	0.000882095907009051	0.054679304412459	0	0.362598356142125	0.149886821342637	0.0509885505724956	0	0.000734561941659567	0.0131908335822425	0	0.00901017230699759	0.112182368275106	0.0819768448004258	0.0806850361217118	0.0296603261732399	0.00420263553822959	0	0.0355579098143802	0	0	0.1	0.0913267894741613	1.05949258738723
TCGA.AG.3605.01A.01R.0826.07	0	0.00947592100999634	0.0301561198203731	0.112562551203959	0	0.263595606717319	0.168058184178631	0	0.00155610689303005	0	0.0196389287946539	0	0	0.0823326198147427	0.028872101915453	0.212559464759267	0.00504848000984216	0.000336616362878485	0.00547762589060433	0	0	0.0603296726292493	0.08	0.103209113907453	1.04322991104904
TCGA.CL.4957.01A.01R.1736.07	0.0922096685033037	0	0.0830542619934179	0.0572108428105945	0	0.209962524011788	0.158316373760426	0.0388004126614877	0	0	0	0.00297080264643063	0.00424602436950005	0.121133191937281	0.00620431725406787	0.106924254732035	0.015008487749199	0.0572644457839288	0.0466943917865392	0	0	0	0	0.249454953192423	0.978965747653491
TCGA.AG.A02N.01A.11R.A083.07	0.00129334651388569	0	0.00816592063053739	0.0713085482878696	0	0.22132221294311	0.199077524479495	0.0352534174691813	0	0.0381023561074072	0	0.0337623430748085	0	0.0741315443662681	0.0987347653486699	0.0980898865158579	0.00710280369177584	0	0.113655330571133	0	0	0	0.16	0.0723805823802055	1.05765617823652
TCGA.AG.3574.01A.01R.0821.07	0.0259435006373365	0	0.0115247400800911	0.179297144436115	0	0.1449294490696	0.109417180653876	0.0179891753843792	0	0	0.0268257249885684	0	0.0101238671467231	0.0981845352320595	0.0581713305299954	0.185107816270163	0.0724860799465779	0	0.031413206839459	0	0.0230639935719671	0.00552225521308855	0.1	0.0936228810441633	1.04115625996447
TCGA.AG.A014.01A.02R.A002.07	0.0523645570458354	0.0229004750755539	0	0.00891552815346686	0	0.214568154571046	0.000642662217702434	0.0578889170605838	0.0524509841674205	0	0	0.0430757030019406	0	0.285457036853722	0.083851863586983	0.0928878739053234	0	0.0415537810702607	0.000956926977385257	0.000842378063991159	0	0.0416431582487853	0.3	0.0476944425140133	1.08080845294423
TCGA.AF.2687.01A.02R.1736.07	0.0433097337775261	0	0.0020054192798343	0.0564029258272813	0	0.118885523949795	0.068237858626151	0.00946541304488177	0	0	0.0493562881125176	0	0	0.316387552076593	0.120100450997178	0.119812373581376	0.00960510980159511	0	0.0360984356558062	0.0184153107585733	0.00490943968537698	0.0270081648255144	0.02	0.16222656796013	1.03164024559315
TCGA.AG.3580.01A.01R.0821.07	0.0349363023167217	0	0.0111449462983627	0.09814126088291	0	0.193869953137086	0.126992921811962	0.0409177504924	0.00301529446831354	0	0.0524253237470042	0	0	0.166253424769825	0.0321399792070927	0.08953608214488	0.00102962431692087	0.0109283956828443	0	0.0996625458194847	0.0147252572872342	0.0242809376169578	0.08	0.0974545725605833	1.04694136630685
TCGA.EI.7002.01A.11R.1928.07	0.0196024122082488	0.0275589049985697	0	0	0	0.151806805941513	0.0731676467272839	0	0.0210005794101931	0	0.0998931126714385	0	0	0.353522866102887	0.0337652865524445	0.136942956066769	0.00466114751714995	0	0	0.0780782818035023	0	0	0.04	0.130760216998165	1.05035878943468
TCGA.AG.A02G.01A.01R.A00A.07	0.126959023737415	0	0.00460745948043926	0.333536530791076	0	0.0327091279940611	0	0	0.000287535367681823	0	0	0.00867162611356938	0.0285762138581839	0.138227002058009	0.129736529501869	0.0801112319706212	0.013876070444425	0	0	0.0857619058609134	0.0169397428217357	0	0.16	0.0715266092528014	1.07087390239222
TCGA.DY.A0XA.01A.11R.A155.07	0.0882830471146647	0	0.00459156773886135	0.0944277202547247	0	0.0831117533333944	0.102733561639004	0.00887800873334669	0	0	0.068161935250962	0	0	0.3663292432369	0.0322389566471396	0.0578302884355813	0	0	0	0.093413917615422	0	0	0.0600000000000001	0.113576649890692	1.05624135011158
TCGA.AF.2692.01A.01R.0821.07	0.0270336879362045	0	0.00953104062350993	0.0937730633182782	0	0.187911605139921	0.0502686874562821	0.0284620373772525	0.0238136983636681	0	0.0739147031605013	0	0.00237355832813675	0.108687549763385	0.0232277600306244	0.0984923461471052	0.0849123242928352	0.0265302995806138	0	0.0617948667991656	0.0992727716825163	0	0.1	0.0850332562173902	1.044334270287
TCGA.F5.6465.01A.11R.1736.07	0.0655140639646742	0	0.00447759214857791	0.0857410210692502	0	0.172073807632298	0.109717733673098	0.0231439922780144	0	0	0.0793868142766474	0	0	0.22339628833274	0.104101218308531	0.0850790193166056	0.0108706178273895	0	0	0.0350418989181651	0.00145593225400857	0	0.08	0.109775610321493	1.04609649285275
TCGA.AG.3732.01A.11R.1660.07	0.122835583369874	0.0487699824992118	0.0531386071736063	0.0880536700616162	0	0.241074451206678	0.0180871307508046	0.0129710197866794	0.0955653042455112	0	0	0.00383362144629257	0	0.0973390672355557	0.0495162200932547	0.0382878249021576	0	0.0193747806831516	0.111152736545606	0	0	0	0	0.310737454747754	0.958737374616336
TCGA.EI.6512.01A.11R.1736.07	0	0	0.000943786555105457	0.043799758297542	0	0.193060992205571	0.0353533738918723	0.0609777474389414	0	0	0	0.0458266134873675	0	0.156458852564624	0.124211912727668	0.18486007461102	0.00574152532642796	0.0051895933037499	0.0952351398234023	0	0.0158185476714582	0.0325220820952496	0.38	0.033900810411506	1.07443753220568
TCGA.AG.A032.01A.01R.A00A.07	0.0701687457949259	0	0	0.0227567119718604	0	0.23321778914136	0.0331776954626347	0.109100657950076	0.0937665454288677	0	0	0.0547829990381844	0	0.156956676076572	0.0501981147536997	0.0763022569218062	0.0304788523166993	0.0139152170455529	0.0551777380977614	0	0	0	0.14	0.0745131977112507	1.06178837588934
TCGA.AG.A00C.01A.01R.A002.07	0.0249852054272507	0.00961226626047637	0.00609310091766643	0.0974784864961271	0.00642456500073878	0.138325260578399	0.379866424026722	0	0	0	0	0	0.00360474076511718	0.196485694562364	0.0713952665872759	0	0.0207002754694059	0	0.0236331686928313	0	0.0213955452156253	0	0.18	0.065616593856553	1.06024203565856
TCGA.AG.A01Y.01A.41R.A083.07	0.0572587157484369	0	0.00848110416320529	0.149518986950167	0	0.0339410522809275	0.0223399519183029	0.0622632855682997	0.0641090789626704	0	0	0.00835505804229691	0	0.407292484491132	0.0475404256361165	0.103589563464756	0	0	0	0.0353102927736895	0	0	0.08	0.10262296197913	1.07139854625399
TCGA.AG.3901.01A.01R.1119.07	0.0135489904671858	0	0.00115656440166214	0.0288506942036821	0	0.152705180781004	0	0	0.0767957444222307	0	0.0250019439158981	0	0	0.376662346796846	0.0703634992368062	0.148543626242478	0.00994649031401828	0	0	0.0770764757702695	0	0.0193484434479193	0.02	0.162841321404645	1.0446163121545
TCGA.EI.6508.01A.11R.1736.07	0.0618165486843929	0	0.0622995291590907	0.042613054469235	0	0.257707546079934	0.114761943026112	0	0	0	0	0.00802136647492364	0.0133800592583256	0.0789552713291185	0.0812684783067766	0.161242661561983	0.0690969655582123	0	0.0406209717140945	0	0.00821560437780117	0	0	0.186841045277271	1.00156157617479
TCGA.F5.6702.01A.11R.1830.07	0.04535771089363	0	0.00251389434172178	0.0465033149923112	0	0.182103555238584	0.055204594298594	0.0191152269734756	0.0138420127478318	0	0.00631854969906268	0	0	0.314466986452148	0.0906809199169226	0.142623833213703	0.0312481136835825	0	0.0500212875484334	0	0	0	0.04	0.134601110397836	1.04137428936095
TCGA.AF.5654.01A.01R.1660.07	0.0309998877000381	0	0.0135096517687083	0.0233974308066182	0	0.242791364440979	0.243664056592659	0.0148968388698576	0.00052277038660955	0	0.00189484346636935	0	0	0.156761439211343	0.0627716645850908	0.109757795601007	0	0.0476830532485402	0.049645242160658	0	0.00170396116152207	0	0.38	0.0366813272790285	1.06359311679864
TCGA.AG.A01J.01A.01R.A00A.07	0.0523125854751118	0	0.0235586463559923	0.193077821773814	0	0.103053368572264	0.0887351588137929	0.0117897908507508	0.010428886152574	0	0	0.0615061157565282	0	0.270391746022616	0.0603309459947423	0.039831709219615	0.0305598153032523	0	0.0544234097089465	0	0	0	0.08	0.100836735576275	1.05098234621829
TCGA.AG.3583.01A.01R.0821.07	0.0683143637996763	0	0.0189526951681643	0.0488265784532992	0	0.334209618455716	0.124620873510148	0	0.00178265364228437	0	0.0461355187411846	0	0	0.154597645402975	0.0292951339116433	0.0200782859721071	0.00969172723020431	0.00917057900203076	0	0.0672201032789247	0.0671042234316419	0	0.04	0.131807412525322	1.03387903145402
TCGA.DY.A1DD.01A.21R.A155.07	0.0260303725750062	0	0.0114270320411615	0.137696541655338	0	0.0635128905040412	0	0.058842008051529	0.00761674097677001	0.016632592964242	0	0.04468689416939	0	0.382147534398198	0.0611346224198635	0.17245811963653	0.000924544576978076	0	0.0168901060309516	0	0	0	0.02	0.15976926901318	1.0452346956819
TCGA.DC.6682.01A.11R.1830.07	0.0668891666696321	0	0.00618313512607304	0.152796845059296	0	0.206080724736054	0.0881169730178293	0.0215519773741704	0.0390756930997135	0	0	0.0287851046850758	0	0.207227573618638	0.0373472653897908	0.0544535153118666	0.0298891847208665	0	0.0384157046697995	0	0.0231871365211941	0	0.08	0.111621159699135	1.04474773131465
TCGA.AH.6544.01A.11R.1830.07	0.176842314113342	0.143853288521585	0.0338817883182158	0.0265969492165633	0	0.16568258194776	0	0.050298007793154	0	0	0	0.0227955690914669	0	0.243097339468468	0.0265011277718612	0.0436183588843872	0	0.0349651244917171	0.0174958341600035	0	0.0143717162214759	0	0.2	0.064861742337592	1.0795617361441
TCGA.F5.6464.01A.11R.1736.07	0.0155364052009087	0	0	0.137118094125856	0	0.079834451412743	0.0191783320388159	0.0372631442400774	0.0463289772847436	0	0	0.0239826758981454	0	0.26862792064029	0.0901008018226366	0.151731854391837	0.0778016957891566	0	0.0213123763982503	0	0.0265609392000057	0.00462233155653408	0	0.186238343991019	1.01766634129772
TCGA.DT.5265.01A.21R.1830.07	0	0.00734565571936063	0	0.0239794757991864	0	0.0959367471945257	0	0.00400738356793513	0	0	0	0.0214155284146902	0	0.367765710996741	0.00559261768718881	0.373687981123167	0.019751289413205	0.0353742061286783	0.0385498601747805	0	0	0.00659354378054152	0	0.276920729729692	1.00241709548628
TCGA.EI.6881.01A.11R.A32Z.07	0.0185816079496204	0	0.00595942858606498	0.045561235494063	0	0.266580128776548	0.0804176232018646	0.0402906680539786	0.0417929415386533	0	0.044964468322962	0	0	0.172116794451572	0.0327332741778814	0.0889548802193787	0	0.0518493295341535	0	0.0354817118121582	0.00827021221476081	0.0664456956663406	0.28	0.0489201393685015	1.06897580689326
TCGA.AG.A015.01A.01R.A002.07	0	0.0174649200732679	0	0	0	0.382281457762128	0.0785191434020978	0.0197796956243893	0	0	0	0.01289287531554	0	0.294520482348047	0.00770868977167384	0.086696398388954	0	0.077419581191173	0.022716756122729	0	0	0	0.3	0.0454445822661429	1.08492239991705
TCGA.AF.6672.01A.11R.1830.07	0.177238952607954	0	0	0.0992460775478497	0	0.421151296297965	0.0111271339825746	0	0.00565277595911044	0	0.0187512345024954	0	0.0347943421839463	0.054880870349097	0.0183217896551512	0.0650106006346609	0.00881530646304805	0	0	0.0784563706322957	0.00655324918385157	0	0	0.200445467949473	1.01756702190691
TCGA.DC.6160.01A.11R.1660.07	0.00780716433016143	0.0279299889639265	0.0630708492140886	0.0557563942568751	0	0.362115304852955	0.00820863898262431	0	0	0	0.00169934262102597	0	0.0111975942121397	0.242435170840343	0.0309682469064398	0.0965443412955703	0	0.0291003955107489	0	0.0631665680131015	0	0	0.02	0.155005150942142	1.03042977415581
TCGA.AG.3898.01A.01R.1119.07	0	0	0.00272499534024973	0.0914145374077081	0	0.105304720694844	0.0855948238513798	0.0458757096365962	0.0149607934643091	0	0.00710733171520845	0.0107612073896778	0	0.183165052492959	0.131440807507868	0.107208555513724	0	0.020794410891622	0.0332655019282574	0	0.0127802501892742	0.147601301976322	0.0600000000000001	0.121998100871437	1.04722832498898
TCGA.AG.3586.01A.02R.0821.07	0.00811833733535693	0	0.00229884249088035	0.121971649869643	0	0.157813700436851	0.13260806814798	0	0.0100035788988468	0	0.0128537989666303	0.0475865138336881	0.0195648374244181	0.16298583718858	0.0695644301539899	0.161806257348032	0.00820745116649062	0.00253678420890983	0.0820799125297033	0	0	0	0.0600000000000001	0.11636543210146	1.03654840965093
TCGA.AG.A036.01A.12R.A083.07	0.0772880897660176	0	0.00852685515068435	0.147855050403367	0	0.111081055181966	0.0563549720864511	0.0596063964774044	0.0403599256409834	0	0.0440661184514535	0	0	0.283538352439277	0.0906629679451268	0.0669833367750896	0.000348275452350836	0	0	0.0133286042298296	0	0	0.02	0.163043566569014	1.02946176931118
TCGA.AG.3612.01A.01R.0826.07	0.0347668401959635	0	0.00112386579860717	0.0772915627525751	0	0.175696557191601	0.0191485383711989	0.0330820963438854	0.0640249609267193	0	0.00696891071632941	0.000989246926183167	0	0.222551653284482	0.0621888568527627	0.134283618202282	0.069559688804276	0.00299690723338669	0.0486182917194289	0	0.0321052472526625	0.0146031574276559	0.08	0.10003134778293	1.04531312545289
TCGA.AF.3913.01A.02R.1119.07	0.0702648129102558	0	0.00807336643999697	0.000533149819331309	0	0.217190565639397	0.122988204095893	0	0.00169940731794269	0	0.0205264246605013	0	0.0103468283758361	0.209897006659852	0.0250702822706808	0.129428735176657	0.0186038241576627	0.0210265972469491	0	0.0845223639601093	0.0279554572272208	0.0318729740417145	0.0600000000000001	0.119510188811778	1.03350222158776
TCGA.EF.5830.01A.01R.1660.07	0	0	0.0024375262904545	0.109852997103954	0	0.158746591104613	0.0195841673711951	0.00132050362464271	0	0.0391857631667721	0	0.105359301116498	0	0.203638604498469	0.0799610297123968	0.157753520993036	0.0073325824430886	0	0.11482741257488	0	0	0	0.14	0.0751804555337258	1.06587784047611
TCGA.EI.6506.01A.11R.1736.07	0	0.0121657511941008	0.0317529634601926	0.066217048920544	0	0.177805384929533	0.130902378516755	0.00213128350541136	0.0168793986830901	0	0	0.0383210245112215	0.0039804385723319	0.224019246461601	0.0595687239906012	0.107772900524385	0.0071337394300193	0.00862258309281724	0.0734303695955394	0	0.036629563711667	0.00266720090018889	0.14	0.0773362561897325	1.0490286094175
TCGA.AG.3728.01A.01R.0905.07	0.132632762277054	0	0	0.166917272557917	0	0.093804940608648	0.0224957549457854	0	0.152191819436091	0	0.0121528679298138	0.0130064457730515	0	0.169627700373046	0.0680078374181999	0.139403190996799	0.0184636882270491	0	0.0112957194565458	0	0	0	0	0.217380878944202	1.0013448342881
TCGA.CI.6620.01A.11R.1830.07	0.137203238709086	0	0	0.110496012222923	0	0.279637080779213	0.00144131632322373	0	0	0	0	0	0.0193138964446122	0.176736126198626	0.0256206871597613	0.131437761215439	0.0714235309189551	0	0.0237537789306407	0.0197224738254641	0	0.00321409727205656	0	0.216994531528372	0.998037655921224
TCGA.AG.A00Y.01A.02R.A002.07	0.0488743630612785	0.0446532300257704	0	0.0800919575339063	0	0.178455223411421	0.0861669979861472	0	0.0257597342057821	0	0	0	0.0284692286238209	0.251211371431806	0.172005466233136	0.0275280770730235	9.23210739633196e-05	0	0	0.045958433340796	0.0107335959991485	0	0.04	0.140316168128094	1.04259708439289
TCGA.G5.6235.01A.11R.1736.07	0.217128493464272	0	0	0	0	0.174305469093361	0.148056406416575	0	0.00465560779459796	0.0437275060223796	0	0.0500924442042699	0	0.219114581342044	0.0426117209840849	0	0	0.0573605000538521	0.0322029596283487	0	0.0107443109962148	0	0.38	0.0319279738125573	1.0750882304378
TCGA.DY.A1DF.01A.11R.A155.07	0	0.0107347929327854	0.0102205485332012	0.112106381848369	0	0.0693442530989921	0	0	0.00529072866663355	0	0	0.0894468254802697	0.00320154480369637	0.271416078003497	0.0616225105400072	0.216437034647452	0.0212371722904645	0	0.091882031787418	0	0.0370600973672139	0	0.36	0.0374735160077541	1.08386127642325
TCGA.AF.6136.01A.11R.1830.07	0.147769334347127	0	0.0796410296688632	0.0663808111695092	0	0.202932006647433	0	0.0228387919315788	0.0156778409720756	0	0	0.0249056839869184	0.00639741869364231	0.0556994091961208	0.0357647547494549	0.0672355745547336	0.146857694640004	0	0.12789964944254	0	0	0	0	0.315192043078729	0.952119689760284
TCGA.DC.6158.01A.11R.1660.07	0.0677669695939408	0	0.00760962331734327	0.0325388937305613	0	0.144651996024837	0.161292402559641	0.00437850543498345	0.000978129241302438	0	0.0737443372169848	0	0	0.256458708872844	0.0617656169877599	0.15757324140041	0.0016597781188144	0	0	0.0295817975005773	0	0	0.02	0.156122308149746	1.02424795960253
TCGA.AG.A002.01A.01R.A002.07	0.0289909070403752	0	0	0	0	0.23460449509405	0	0	0.0744843797119891	0	0.0180109224529418	0	0	0.143630064080129	0.0116826321277739	0.232592139402615	0	0.0143792904833882	0	0.205022630569253	0	0.0366025390374842	0.36	0.0395052747388884	1.08460746279941
TCGA.AG.3892.01A.01R.1119.07	0.0194518045499526	0.00310573030592188	0.0313390296326863	0.199689160475212	0	0.0990929945431955	0.145758347589841	0.0845836366240221	0.000908025730977438	0	0.0386255467787818	0	0.0119225181691856	0.0798666766395184	0.073722896325443	0.079679356932661	0.0139381017643286	0.0139785343346043	0	0.00320441070314518	0.0617081356461205	0.0394250932544022	0.04	0.133756567954068	1.03168711454327
TCGA.AG.3593.01A.01R.0821.07	0.076316825743121	0	0.050878940942535	0.0403149299112349	0	0.329808240135648	0.102052942813731	0.0256344716919538	0.012769597421656	0	0.0206976152913515	0	0.0010816110981896	0.0712772405048217	0.0319740464743624	0.125306374944651	0.0875407484849125	0.00985515845987268	0	0	0.00474414806825929	0.00974710801369936	0.02	0.182634399888323	1.00935976058469
TCGA.EI.6507.01A.11R.1736.07	0.0503268109014167	0	0.00688353479797901	0.15967370379858	0	0.0737795483636313	0.0633001691285129	0.0150398660280031	0	0	0.0412813909978036	0	0.00164083431550501	0.325053111788227	0.0341421994221111	0.0681347340423045	0	0	0	0.123459565047874	0	0.0372845313680522	0	0.304548191252542	0.96651310949758
TCGA.AG.4015.01A.01R.1119.07	0.101804877878711	0	0.00659900281300003	0.156696554726135	0	0.101104510001258	0	0.00974692265514273	0.00123504324883817	0	0	0	0	0.249124987188773	0.143438228680358	0.100797712895627	0.0302066597090985	0	0	0.0992455002030585	0	0	0.02	0.150611444115592	1.03874573454074
TCGA.AG.3601.01A.01R.0826.07	0.116327270522133	0	0.0239296174910603	0.0569051218692205	0	0.111589395293375	0.0381297457956461	0.037623248934861	0.000290820400315021	0	0	0.014807031400919	0	0.21023910945537	0.126914043145811	0.208523994287614	0.0144266646192175	0	0.0341461478521578	0	0	0.00614778893230038	0.0600000000000001	0.118391043938185	1.04320195196279
TCGA.AG.4008.01A.01R.1119.07	0.0390473484271003	0	0.0102312922483964	0.0495392933428395	0	0.20437502397369	0.0587930641362117	0.0217304708004055	0.00139782730909881	0	0	0.0170710391119041	0	0.21610116850086	0.100599387327043	0.140559473084541	0.00583479971878235	0	0.0749679417250596	0	0.0400031887248793	0.0197486815691888	0.36	0.0394453607792141	1.0676470273748
TCGA.F5.6864.01A.11R.1928.07	0.0452966110219584	0	0.0064151117286606	0.0864954311994273	0	0.190380484617622	0.00189280167459739	0.0150704965130025	0.0165617316736999	0	0	0.0209163546073112	0.025026032767623	0.288829233246031	0.154820361416496	0.113493321184278	0.020488089161065	0	0.0143139391882274	0	0	0	0.08	0.104724414472707	1.06350865786549
TCGA.AG.3881.01A.01R.0905.07	0.0517267719332383	0	0.00645648322207463	0.0972706483325497	0	0.1478469792224	0.00118540138691456	0.00731453040616562	0.0390055167070804	0	0.0216233588208815	0.0154526044677776	0.00764264351620964	0.238413034313152	0.058716206933349	0.142822559089282	0.0108627313571437	0	0	0.0492913795042753	0.0831273217569152	0.0212418290305906	0	0.243961081070909	0.987446599003427
TCGA.AG.3885.01A.01R.0905.07	0.0312727685283769	0	0.0771940209489245	0.154899888356235	0	0.17374533968528	0	0.0173064410375227	0.157351242972237	0	0.0291599381717456	0	0.0109955821315903	0.172562753355421	0.0483992885982882	0.0796659271720309	0.0169901132028642	0	0	0.0147086113987564	0	0.0157480844407272	0	0.207875823988529	1.00882134153538
TCGA.AG.3725.01A.11R.1736.07	0	0.0136217006314946	0.0403179382321126	0.152499804940842	0	0.203865124572809	0.149636768057268	0.0331764636335126	0.0563056317521272	0	0.00386543209660644	0	0.00120994979607617	0.153757382270337	0.0703048807782309	0.0901216765384332	0.0015595926591391	0.00496879332130662	0	0.0247888607197047	0	0	0.1	0.0919128018266966	1.0559859600635
TCGA.G5.6572.02A.12R.1830.07	0.112888053304873	0	0.00653522776334703	0.116138555487792	0	0.232985875303207	0	0	0.00510121808967055	0.00229468607588416	0	0.0316170509893857	0.029941252102838	0.105444993679217	0.0742898181526293	0.165935360192402	0.0502874517459908	0	0.0665404571127631	0	0	0	0.04	0.142485381212098	1.02358755151012
TCGA.AG.3582.01A.01R.0821.07	0.00295468747558597	0	0.013877720755005	0.0471830747326159	0	0.148365710666482	0.108403378779155	0.00143981315506777	0.0482524507640642	0	0	0	0	0.200885519148661	0.109967579464938	0.19997805914618	0	0	0	0.0995227581055372	0.00242401965579559	0.016745228150912	0.14	0.0761380458347385	1.06353704405282
TCGA.CI.6621.01A.11R.1830.07	0.0289402165014116	0	0.00497646689819171	0.0589103090405155	0	0.114857977101007	0.159068854776923	0	0.010931988416613	0	0.0316878752498055	0	0	0.353483618164821	0.0432641786642366	0.159779264722928	0.00356504243454399	0	0	0.0102380582904462	0	0.0202961497385556	0.02	0.145726082575481	1.04157993955306
TCGA.EI.6917.01A.11R.1928.07	0.0299866048360497	0	0.00632022935826733	0.0180290695352628	0	0.152375937676168	0.0185637713230186	0.0259344966640596	0.0435372411007604	0	0.0230121295075519	0	0	0.378188783629741	0.125728101190274	0.123899045506663	0.0243666604291283	0	0.0185641337882475	0	0.00633037359805874	0.00516342185674985	0.1	0.0870780069252317	1.07919526635728
TCGA.AG.A00H.01A.01R.A00A.07	0.00837077989950737	0.019543955241971	0	0.0338990447263437	0	0.133029838885116	0	0	0.0706507361951951	0	0	0.0216967148021276	0	0.504000216683037	0	0.135538507202932	0.00420614546380317	0	0	0.0690640608999669	0	0	0.02	0.167070711487558	1.06632766656427
TCGA.AG.4022.01A.01R.1736.07	0.0511407388180172	0	0	0.0401344466937885	0	0.144016307030674	0.093136881158724	0.0176314572889857	0	0	0.0793593083279479	0	0	0.24367064493053	0.106607648771875	0.142350269510338	0.0249779562095142	0	0	0.0155149362458279	0.0414594050137777	0	0.02	0.173821717440524	1.01845178498621
TCGA.DC.5869.01A.01R.1660.07	0.0434395838259756	0	0	0.0712666540519028	0	0.15906088781597	0.0778369122306291	0.0984022095120324	0.0138158046964769	0	0	0.0109042745868719	0	0.10455037031516	0.0435952708833618	0.0507961703593111	0.184708767419558	0.0357662041126797	0	0.0188128206673333	0.0870440695227373	0	0.08	0.0966983467389395	1.03874210331864
TCGA.EI.6513.01A.21R.1736.07	0.0352532143791149	0	0.00772588598421349	0.0958607616552243	0	0.239274590874428	0.0762419083506353	0.0741523499139641	0.000307104105812131	0	0	0.00814904821031006	0	0.240434362951219	0.0674517553520625	0.141510647760223	0.000268619214384166	0	0.00800503755799742	0	0	0.00536471369041313	0.08	0.103753042328261	1.05391314409335
TCGA.BM.6198.01A.11R.1736.07	0.129401059640961	0	0.0815951008250078	0.0810978107141098	0	0.131351838820244	0.0856673097172818	0.0303506884437377	0	0	0	0.0128685839794491	0	0.23057700952896	0.0342306283746851	0.107632962717713	0	0	0	0.05741740325292	0	0.0178096039849307	0	0.332318911475023	0.947669708244514
TCGA.AG.4005.01A.01R.1119.07	0	0.0095743627761411	0.0530646278036372	0.0458869778163972	0	0.24101987767754	0.00749039672974636	0.0165499002383375	0.0681952520682642	0	0	0.0286321229220092	0	0.210233186540365	0.0254719064145151	0.191526993919563	0.0210310906464527	0.0124515280299678	0.0176905059564967	0	0.0224494713391127	0.0287317991214549	0.04	0.129791500265695	1.0362463080036
TCGA.AG.A01W.01A.21R.A083.07	0.0812486741800716	0	0	0.140447202112211	0	0.110875042240573	0.103163058876958	0.0830380676443489	0.0011805027219804	0	0	0.050767318684658	0	0.218117653851881	0.123859448409276	0.0641193346196906	0.00785222033713474	0	0.0153314763212171	0	0	0	0.1	0.092663798335818	1.05868379135471
TCGA.AF.4110.01A.02R.1736.07	0.0203130654648012	0	0.0619645502735406	0.135146062978611	0	0.0830752369627586	0.0478582792217292	0.0220885879300956	0.0401303552050242	0	0.00301508482732895	0	0	0.303932265205855	0.0781159692703454	0.131268412564346	0.000567137502814803	0	0.000963377031475603	0.0411495710349124	0.0236681698721794	0.00674387465418131	0.04	0.134902214498345	1.04042477521695
TCGA.F5.6813.01A.11R.1830.07	0.0249725699428141	0	0.0722851328761454	0.1544551886519	0	0.144644530921691	0.00741062632426177	0.0312766095227305	0.0358459889840419	0	0	0.0200731105217479	0	0.320147190610511	0.0908612937026418	0.0657018489555539	0.00336889406171369	0	0.0289570149242473	0	0	0	0.02	0.15429179809673	1.0359041051924
TCGA.F5.6863.01A.11R.1928.07	0.0422831226434128	0	0.00701274244068028	0.0174028461727636	0	0.20787589802133	0	0	0.00689995923318253	0	0	0.0262066067086662	0	0.491649834449162	0.0420753852236076	0.0677932845910407	0.0469584761499803	0	0.0438418443661736	0	0	0	0.08	0.104705172859334	1.08446307497667
TCGA.F5.6810.01A.11R.1830.07	0.0681082519305429	0	0.021527797216777	0.0501493063012821	0	0.327273062063315	0.0625496146054616	0	0	0	0	0.0302890522669818	0	0.134084286377011	0.0924907758821176	0.0812745092212355	0.0382370640365466	0	0.0669372802386399	0	0.0270789998600889	0	0.0600000000000001	0.116687106586059	1.0356719436739
TCGA.AH.6897.01A.11R.1928.07	0	0	0.053734446969323	0.0781883371772583	0	0.279784791577423	0.163129451339716	0.0166279068097396	0	0	0.0326054255861606	0	0.00132803749719662	0.102981205545587	0.0490846978409889	0.0827360080299877	0.0140809311604165	0.0503982434162976	0.0555288645675258	0	0.0197916524823788	0	0.38	0.0300666919666164	1.06776492562562
TCGA.AG.A011.01A.01R.A002.07	0.0601295208775856	0	0.0515457869263657	0.0719208900505091	0	0.24483928175769	0.0474074712658618	0.0439632941911676	0.0686198104314286	0	0	0.0441195352098375	0.00202085190435304	0.157556804878094	0.0727932430231477	0.0958285004804615	0.0263882327470248	0	0.0128667762564727	0	0	0	0.02	0.160405328598318	1.02454055904146
TCGA.AG.4007.01A.01R.1119.07	0	0.00871066935683175	0.0310720605440295	0.20434418255045	0	0.187447661044764	0.0383386208119683	0.00433432430739367	0.0625186124988092	0	0	0.00980824090666728	0	0.0793397209318331	0.086363434588232	0.222577262529153	0.0306303283851179	0	0.0343542557802569	0	0.000160625764492998	0	0.12	0.0813064014669876	1.05797658376576
TCGA.AG.3591.01A.01R.1736.07	0.0317645326672482	0	0.0043369865634377	0.0703376435887373	0	0.382198618758914	0	0.0256962385371233	0	0.0315036543543704	0	0.0141499943847196	0	0.0850254465974342	0.0189336105095429	0.186587654887066	0.0599936661665737	0	0	0.0203619346319098	0.069110018352923	0	0.18	0.0675989249439595	1.0659409182092
TCGA.G5.6572.01A.11R.1830.07	0.00806079601177908	0	0	0.0703616174878374	0	0.073535297143431	0.0683006337908881	0	0.0139116198921631	0	0	0	0	0.594805271282145	0.0315440918458348	0.0923249245909799	0	0	0.0471557479549417	0	0	0	0.08	0.0984753498977144	1.11755660024498
TCGA.AF.6655.01A.11R.1830.07	0.0326921871692282	0	0.0128173711620352	0.0347201164857052	0	0.279831924608267	0.0606199349650513	0.0076248942501898	0.00401509023629415	0	0	0	0.0104133007583331	0.196705191953625	0.0314014430844395	0.149035094903355	0	0.0908083216873579	0	0.0570606790646462	0	0.0322544496714726	0.1	0.0948415202147502	1.04873302057837
TCGA.DC.6155.01A.11R.1660.07	0.0529399259328533	0	0	0.000871596363259923	0	0.231769202210251	0.0437290087476588	0	0	0	0.152013350420071	0	0.0118842575096808	0.344113325853171	0.0136845674285822	0.0623544773669107	0	0.0195045742159688	0	0.0671357139515925	0	0	0.1	0.0963247416860187	1.06491002417776
TCGA.AG.3894.01A.01R.1119.07	0.0118361703113337	0	0.0044821562878445	0.124840265373766	0	0.188709396268192	0.087740184466006	0	0	0	0.0907141683044774	0	0	0.137272406044347	0.0378420762013537	0.217134323173292	0.00960188462718494	0	0.0267127982906175	0	0.0525214164106333	0.0105927542409517	0.14	0.0744207425516025	1.05499899858166
TCGA.G5.6233.01A.11R.1736.07	0.0592760833265885	0	0	0.0455971441700902	0	0.147229869629887	0	0.0471316222513404	0.00407534064147901	0	0	0.0500007699118071	0	0.254185712001746	0.00769793184672662	0.217131576414383	0	0.0767704626822561	0.0713484880565319	0	0.0195549990671644	0	0.1	0.088837493520045	1.05454674952587
TCGA.AG.A025.01A.01R.A00A.07	0.0658070814166905	0	0.00153149962645936	0.0582345558697565	0	0.17211232088859	0.161895559690382	0	0.00305125267928201	0	0.0225257637425957	0	0.00964803282588434	0.281416017805434	0.0750426728004978	0.0659886777866071	0.0290748872859475	0	0.0448512432409105	0	0.0088204343409622	0	0.14	0.0776124579660231	1.05356336118103
TCGA.EI.6510.01A.11R.1736.07	0	0.0289646047508119	0.0666112802395896	0.157040022171594	0	0.312390575118464	0.0390924971994124	0.0730409688352618	0.0602184913116534	0	0	0.0202280318972921	0	0.0900679317635091	0.0340760493316874	0.0611213515912288	0.028451820893519	0.0183545993671483	0.0103417755288281	0	0	0	0.04	0.137497655227814	1.05110115182314
TCGA.DC.6681.01A.11R.A32Z.07	0.0420305143552062	0	0.0382784564224878	0.0535309793553132	0	0.289295546867012	0.0107048394371365	0.00688905415248625	0.0678365277554016	0	0.0133472804778688	0	0	0.263756619194303	0.0609455773522983	0.0936863352304479	0.00174563061078547	0	0	0.0579526387892532	0	0	0.02	0.149549162355423	1.03446622917609
TCGA.AG.3726.01A.02R.0905.07	0.0852850303401248	0	0.00819414204635334	0.0215243906876062	0	0.081940630616345	0.191629399116679	0	0.0374201247027707	0	0.0648993867341121	0	0	0.376896013790588	0.00159648978244187	0.0315639704636917	0	0.0267366051280039	0	0.0723138165912832	0	0	0.04	0.144430897089384	1.03983793216624
TCGA.DC.6154.01A.31R.1928.07	0.099913763889686	0	0.020013091834871	0.0273473596116982	0	0.105628705985312	0.114486997264533	0.00283999196844918	0.0101409284047878	0.0207428402447432	0.000769830595680508	0	0.00926036021617025	0.302938942215542	0.0303926228426114	0.224340249362794	0.0163252414223894	0	0.014708793064791	0	0.000150281075941482	0	0.04	0.133576334019718	1.0408810450502
TCGA.AG.3882.01A.01R.0905.07	0.131609970282832	0	0.078300744299623	0.193201069742023	0	0.0780676863981722	0.0863797211420133	0.0206021400898989	0.104121381169789	0	0.0425412688675287	0	0.00205081096331151	0.110237201120369	0.0434314426740093	0.0596574571255478	0.0161766418026267	0	0.0330289419317753	0	0.000593522390479489	0	0	0.383514905839446	0.924683682640817
TCGA.AG.3602.01A.02R.0826.07	0.12960786293779	0	0.015358608707362	0.137261665660786	0	0.131128612585636	0	0	0	0.0554846421956401	0	0.0363306509537289	0	0.0308025988193454	0.0679054618623059	0.199070112905284	0.0612798000001183	0	0	0.0430480027373967	0.0586283344364284	0.0340936461981789	0	0.240860607220021	0.984358072730266
TCGA.AG.3575.01A.01R.0821.07	0.00693698894167185	0.000144077132498629	0.000969081322594539	0.122917356067968	0	0.125466791217135	0.0883969864361604	0	0	0	0	0.045757818876227	0.0267946400878439	0.0782160209566371	0.132132127340302	0.13514964184035	0.0406310526241166	0.0372754285739596	0.0137787645538968	0	0.116285343661778	0.0291478803668606	0.04	0.138793105954168	1.03068042779749
TCGA.AG.3609.01A.02R.0826.07	0.0134624550240649	0	0.0152816619692937	0.134180862186503	0	0.0951363767185877	0.0366006331474658	0.0315261188122273	0.029462864753297	0	0	0.0208346000643312	0	0.325784714939326	0.0445974065447469	0.180484337541981	0.00537696069099229	0.00618949579210467	0	0.0535974742915579	0	0.0074840375235208	0	0.224184427564812	1.00675343126418
TCGA.EF.5831.01A.01R.1660.07	0.058469474302676	0	0.00471055957887223	0.0735221144891661	0	0.135380454864162	0.131247621788847	0.0298544062939588	0	0	0	0	0	0.260144471181424	0.0628077824763312	0.183378385529854	0.0263342615754572	0	0.034150467919251	0	0	0	0.0600000000000001	0.112491719332965	1.04225976891807
TCGA.F5.6861.01A.11R.1928.07	0.0117239796704457	0	0.0115479664960966	0.102970171401283	0	0.143133474576492	0	0.0453885699087233	0.0239519421860475	0	0	0.0336239390316556	0	0.442801375558276	0.0816012249764127	0.093142163323335	0.00971343106113034	0	0	0	0.000401761810101534	0	0.04	0.142482217051384	1.06295783395274
TCGA.AF.A56N.01A.12R.A39D.07	0.0820203802373984	0	0.0758956063865433	0.0270468927928204	0	0.128830411508199	0.16176898543114	0.0162010284388843	0.00829743981032298	0	0	0.021257699175529	0	0.217514472766755	0.0178834597599192	0.0702724658160613	0.0135647834010212	0.0182891272592098	0	0.140530052661891	0.000627194554305978	0	0.08	0.110329847203709	1.04315900635318
TCGA.AG.3999.01A.01R.1119.07	0.0398490780554016	0	0	0.0564032360327819	0	0.101074204432476	0.152010293304188	0	0	0	0.0544061078000634	0	0	0.232276747713691	0	0.13484167315497	0.0534531928294195	0.0377566913849385	0.0312133524655994	0.0534502975020962	0.0272375150146679	0.0260276103097064	0.0600000000000001	0.124085528248032	1.03250077240466
TCGA.AG.4021.01A.01R.1736.07	0	0	0.000602008444586101	0.00586244900828721	0	0.094138669511256	0.0330076655769028	0	0.0163616620275201	0	0.0134340702623311	0	0	0.481750591565445	0.0393491891323381	0.163902162074325	0	0	0	0.130477072968772	0.00868034534588379	0.012434114082353	0.02	0.184204453999969	1.06267332316385
TCGA.F5.6811.01A.11R.1830.07	0.0152542840103458	0	0.000168067137306933	0.0358151775178965	0	0.122758832490193	0.0728280262680463	0.0133955769788122	0.049182572711866	0.00652519392020292	0	0.0207483551445887	0	0.384131865512447	0.0625128300182817	0.148603132433649	0.000190309579724981	0	0.0620545440694369	0	0.00441120637980566	0.00142002582739759	0.2	0.0618510347030253	1.08403425783518
TCGA.EI.7004.01A.11R.1928.07	0.0414555643060037	0	0	0.0232738024192278	0	0.146583793058957	0	0.00507395149567356	0.0331937539344723	0	0	0	0	0.445096571413121	0.0461496108458508	0.192508651926405	0	0	0.0521692400085727	0	0	0.0144950605917168	0	0.377754676402512	0.939608485203977
TCGA.CI.6623.01B.11R.1830.07	0.00508975941957193	0	0.000647616266013527	0.0809543831373875	0	0.0861263260266489	0.195109581211544	0	0	0	0.0156703078767595	0	0.000275397541751008	0.23467692373129	0.0615514584534122	0.0853683263307688	0	0	0.0485358223074008	0	0.00377309857540207	0.18222099912205	0.32	0.0435053622908197	1.07826450716833
TCGA.AG.3742.01A.11R.1660.07	0	0	0.000675064329879842	0	0	0.236545016853215	0.189070044796296	0	0	0.0104556762912469	0.0728810392917233	0	0	0.178076151470421	0.0634528341106818	0.144760206572421	0.00382915497131287	0.0191270163021454	0.0313118866279071	0	0.00881740142171355	0.0409985069610356	0.12	0.0792710578171299	1.05098353415713
TCGA.AG.A02X.01A.01R.A00A.07	0.0715623325120982	0	0.0171197852716257	0.00726457843225069	0	0.312891226424234	0.0597548147571875	0.0122593021368923	0.0171921561610706	0	0.0326252311121951	0.0115145094245804	0	0.312212768294477	0.0397348161098178	0.105868479363571	0	0	0	0	0	0	0.14	0.0773119137689198	1.06826953532799
TCGA.G5.6641.01A.11R.A32Z.07	0.106039028311861	0	0.0785323751907022	0.0867042575185192	0	0.313399596211977	0	0.0339989815016765	4.31544212380337e-05	0	0.0527562227963205	0	0.013007563508637	0.0457828281340229	0.00571889262239715	0.0591333943403942	0	0.0323325984191611	0	0.161529476043312	0.0110216309797816	0	0.24	0.0574113058770435	1.07542968385441
TCGA.AF.3400.01A.01R.0821.07	0.0381657855720723	0	0.00394822183199013	0	0.00237956852951221	0.132884464183653	0	0	0.00287377807723456	0	0.075156165270467	0	0	0.246980454736901	0.00389469428117392	0.108866150595323	0.00197568989674423	0.0237798657060229	0	0.193639575725166	0.0154896516493693	0.14996593394437	0	0.40584425729098	0.918063317358015
TCGA.AH.6643.01A.11R.1830.07	0	0	0	0.0211655713077463	0	0.0753761264448762	0.0119251641486918	0.0676730530698807	0.0264303890049427	0	0.0365409703951416	0	0	0.325445717267679	0.127949016146452	0.0669010392969625	0.0421559770062629	0	0	0.0186119089018984	0.0671547380614585	0.112670328948007	0.1	0.0956130045070452	1.07368639980787
