B cells naive	B cells memory	Plasma cells	T cells CD8	T cells CD4 naive	T cells CD4 memory resting	T cells CD4 memory activated	T cells follicular helper	T cells regulatory (Tregs)	T cells gamma delta	NK cells resting	NK cells activated	Monocytes	Macrophages M0	Macrophages M1	Macrophages M2	Dendritic cells resting	Dendritic cells activated	Mast cells resting	Mast cells activated	Eosinophils	Neutrophils	P-value	Correlation	RMSE
TCGA.3B.A9HU.01A.11R.A39D.07	0.0674921850086724	0	0.00647354324767308	0.210632714599112	0	0.202373545414938	0.00257140196892648	0	0.0236784597272597	0.00393576595143341	0	0.0414155803862509	0.0533872414500527	0.0411090438922223	0.125592263083567	0.153900325165391	0	0	0.0596618729632483	0	0.00777605714125344	0	0.02	0.260593644699469	0.982986396141649
TCGA.SI.AA8C.01A.11R.A38C.07	0.0418228729042353	0	0	0.0624858026955786	0	0.134913740472356	0	0.017344322000584	0.0100965575639028	0.0394325452431951	0	0.0233743855279666	0.0133135026708249	0.263653961246517	0.0451170512203639	0.298652613194821	0	0.00343650953559399	0.0463561357240608	0	0	0	0	0.384447026016817	0.926317345629586
TCGA.X6.A7WC.01A.12R.A355.07	0.00318704654894894	0	0	0.176229731140998	0	0	0.209236838866813	0.00950289831177913	0	0	0	0.084349605586718	0	0.152765673975792	0.0794526700483103	0.247433685335688	0.000654649859694719	0	0	0.0371872003252566	0	0	0	0.481739153662762	0.875984034126415
TCGA.X6.A7WB.01A.11R.A355.07	0.00735012356489277	0	0	0.00721614832051989	0	0.426588406700979	0	0.0266491708463535	0.0315358137375821	0	0	0.0213265930269977	0.0356108733003704	0.132387074558541	0.0345405494760338	0.261106285029901	0	0	0.0083831290863861	0	0.00730583235144298	0	0.38	0.0474229866372164	1.08264002691923
TCGA.DX.AB2E.01A.11R.A39D.07	0.00586922364073814	0	0.00204786707176584	0.185655815850282	0	0.0197129034488579	0.055993924539512	0.0135055638366411	0.0213146188085726	0	0.00668986181280917	0	0	0.190275727454189	0.0671095184704825	0.337989972867732	0	0	0	0.093835002198418	0	0	0	0.546297371981477	0.840533275731205
TCGA.X6.A8C6.01A.11R.A36F.07	0.00714499303767102	0	0.00121522261950159	0.0826075203552141	0	0.0905034366783903	0	0	0.00182170501103162	0	0	0.0339999603185848	0.0746410219604837	0	0.0769377223299209	0.509749630854825	0	0	0.121378786834377	0	0	0	0.02	0.258250508283161	0.985434448502781
TCGA.DX.A8BM.01A.11R.A41I.07	4.33478456091291e-05	0.000943561281880636	0	0	0	0.27485043956817	0	0.0036780069171301	0.00311715013879858	0	0	0.0427485601830872	0.0588287499747803	0	0.146193765952155	0.431707196451728	0	0	0	0.0374076027161816	0	0.000481618970479958	0.0600000000000001	0.17276495575946	1.02982986346739
TCGA.MB.A5Y8.01A.11R.A29R.07	0.0162800298135987	0	0	0	0	0.0905751852607034	0.0163443569584449	0.0238223788291754	0.0143304918363677	0.0439454818396635	0	0.00783199067365126	0	0.433423185397131	0.00672809471668562	0.305657851340148	0.00732815621637786	0	0.0334769566806545	0	0	0.000255840437398032	0	0.731937052190881	0.701403308362127
TCGA.HB.A3L4.01A.11R.A21T.07	0.00267491128564314	0	0.00178900200973187	0	0	0.126667778918561	0	0.00299374635604555	0.0228927916598281	0	0.123465278839519	0	0	0.520912143601394	0.0126374641020521	0.115968379364777	0	0	0.0699985038624476	0	0	0	0	0.59014220380561	0.807830043027998
TCGA.3B.A9HV.01A.11R.A39D.07	0	0.00314153273386716	0.00616826217014706	0.0220148242991504	0	0.286216255764477	0	0.00859969308576693	0	0	0.0308277234326994	0.00232040073537686	0.0187741329816396	0.168062314957134	0.000995958724229397	0.211277554404428	0	0.0281788663026339	0.213422480408451	0	0	0	0.46	0.0175960143848282	1.07888867335388
TCGA.X6.A7W8.01A.21R.A355.07	0.0112015563453248	0	0.00582740547427852	0.0297042992517353	0	0.0396186505759273	0.0128717195602694	0	0.0243810477307347	0	0.00616103232810989	0	0.0187380433081913	0.182179202751483	0.0436792980638977	0.523645454657923	0	0	0.0813478001776343	0.0163661047348544	0	0.00427838503963613	0	0.476382981770908	0.880324755785394
TCGA.DX.A8BP.01A.11R.A37L.07	0	0.000107246423787689	0.00516680755943586	0.302558987621219	0	0	0.149135816010411	0.0239878962538593	0.00693564502920893	0.0414167536209224	0	0	0	0.0785076431905363	0.121554977409766	0.237093005617281	0.011061219358374	0	0.0204355564513467	0	0	0.00203844545385221	0	0.489242106828658	0.872001875381862
TCGA.DX.A3LS.01A.11R.A21T.07	0.0226849248498977	0	0.00168420221503952	0.124023167432043	0	0.221061654505488	0.0204909531202184	0.00907033489167653	0.0237428724237851	0.000139066870285524	0	0	0.0183263963735027	0.041501666158104	0.110020198369985	0.377335260758851	0	0	0.0259515609928947	0	0	0.00396774103822885	0	0.420976377816101	0.90672707177056
TCGA.IE.A4EK.01A.11R.A24X.07	0.0274019735505855	0	0	0.0752887002570924	0	0.247078387202123	0	0	0	0	0.0263717222948016	0	0.075155201137825	0.155028302823427	0.115018213680527	0.079103631197705	0	0	0.199553867855914	0	0	0	0.46	0.0199968458204993	1.07600644300422
TCGA.SG.A6Z7.01A.12R.A32Q.07	0	0	0	0	0	0.298599892487588	0	0	0.0357397923874537	0	0	0.0476108872270288	0	0.412511385953495	0	0.160177924215566	0	0	0.0453601177288686	0	0	0	0.08	0.162870619611276	1.05098130289339
TCGA.K1.A3PN.01A.11R.A22K.07	0.0244359150565909	0	0.00611529006430465	0.072775686601148	0	0.297378290778344	0	0	0.00582555443752281	0	0	0.000929452556781997	0.0363318469474195	0.028528920969004	0.0400996272189421	0.287038445260004	0.00314544191708607	0	0.197395528192852	0	0	0	0.18	0.132538269049098	1.02942952522946
TCGA.DX.A1KX.01A.22R.A24X.07	0.0534022058614533	0	0.000427131914220749	0.058172124587888	0	0.0924211196874345	0	0	0.0123248091162118	0	0	0.0249906218596541	0.00249386072893587	0.151581605140164	0.135480765907705	0.402772202189309	0	0	0.0652362640576929	0	0	0.00069728894933157	0	0.330369565245856	0.954725354984496
TCGA.DX.A8BH.01A.11R.A37L.07	0	0	0.0132511344953115	0.318870560683071	0	0.0707006651111753	0.0364763861019185	0.0381094481741335	0.0198386753015943	0	0	0.0357607807047976	0.0351732404613304	0.000375639989163731	0.12320547619688	0.204298209906277	0.0180643718781733	0.000133049061099865	0.0857423619350736	0	0	0	0	0.327158821826503	0.953154218391254
TCGA.SI.A71Q.01A.12R.A33J.07	0.0459639037265208	0	0	0.0431723531597994	0	0.192599458397237	0	0.00102026715827326	0.0819770308152171	0	0	0.0648681276271212	0.018415650935745	0.223649699973132	0.0228901850382624	0.260013919180428	0	0	0.0454294039882641	0	0	0	0.26	0.0927793483540908	1.05675153429561
TCGA.MJ.A850.01A.11R.A355.07	0	0.0735219438036714	0	0.0284058651651595	0	0.0953396372214264	0	0.00371457977116763	0.0119958155064597	0	0	0.0826232590518396	0.0378709880846021	0.15988632851438	0.00871531823828387	0.26719349890693	0	0.0133323551040769	0	0.206949989712191	0.00317979262221496	0.00727062829759732	0.44	0.0238871794044218	1.10120832386483
TCGA.IE.A4EJ.01A.11R.A24X.07	0.0335802250984933	0	0.00514025586578157	0.110651022360731	0	0.161580947377779	0.000684910729613513	0.0101932308713646	0.0377253195707426	0.0124882912492039	0	0.0281147465411907	0.0162053693697366	0	0.172483520998616	0.337104088407722	0.00574583528888837	0	0.0683022362701366	0	0	0	0.26	0.0901887670182652	1.06135627321642
TCGA.DX.AATS.01A.12R.A41I.07	0	0	0.00369379180007018	0	0	0.0812509689617179	0.0075454413772352	0	0.0374406058883767	0.0390659156415201	0	0.0140769678165932	0	0.342494842750641	0.00111719110199517	0.406502824539228	0.00191345610488512	0	0.0592983583834129	0	0	0.00559963563432498	0	0.693802748112747	0.734502511229887
TCGA.DX.A7EM.01A.11R.A36F.07	0.0123737826266432	0	0.000129695432160111	0.135072578443361	0	0.255972209287012	0	0.000604940851863372	0.0200963578911971	0	0	0.0499534456065438	0.0367617638598232	0.00682224798688491	0.0782402709612329	0.231536761996538	0	0	0.17243594505674	0	0	0	0	0.308803716590282	0.957797204452003
TCGA.DX.AB2W.01A.11R.A39D.07	0.0390176416805875	0	0	0.0676004976473292	0	0.0985526377515946	0.0117904830741764	0	0.0320628899535333	0	0.00234803370329685	0.00755113309200328	0.0416512504277319	0.0874228209053558	0.0365315978728433	0.551088396116599	0	0	0.010339793575208	0.011027575242741	0	0.0030152489569999	0	0.438144889482875	0.900017627865168
TCGA.DX.AB2L.01A.32R.A41I.07	0.0219584252971409	0	0.00349626999421312	0.0536569185085846	0	0.0474163909242104	0.0177173016856533	0.0130230207529811	0.017169992479995	0.00744319653284062	0	0	0	0.226875986735665	0.0148297335418355	0.530855190236839	0	0	0.0455575733100415	0	0	0	0	0.385480665414283	0.93529468288282
TCGA.WK.A8XY.01A.11R.A37L.07	0.0164687468538497	0	0	0	0	0.19877150316012	0	0	0	0	0.0861309583868936	0.00475963255569547	0.0864806747441562	0.0422919427205002	0.00272482673179844	0.230660251593556	0	0	0.318265083542127	0	0.00362842975743456	0.00981794995386942	0.56	0.00917920857348934	1.08467444718675
TCGA.QQ.A5VA.01A.12R.A32Q.07	0.0729631769264521	0	0	0.198090282332435	0	0.319134970501813	0.0257256463304058	0.0174655250425131	0.023064774674558	0.0154801864729935	0	0.02451161071063	0.0129928557103534	0	0.0889845977485442	0.124876063168018	0.0187541045690387	0	0.048804183895862	0	0	0.00915202191638338	0.26	0.0918067096152585	1.06973325154226
TCGA.DX.A3LY.01B.11R.A27Q.07	0.0107008057057491	0	0.00355785056038033	0.0145011053684575	0	0.130736627271513	0.0170728902968078	0	0.0136512784400978	0.00671369762041437	0.0117291108665503	0	0.010345803391846	0	0.00753146944567893	0.686440911207001	0	0.00235866697570577	0.0597265114076619	0	0	0.0249332714421368	0	0.519028672042568	0.854658583390172
TCGA.DX.AB32.01A.11R.A41I.07	0.040651656625546	0	0.0115620286413724	0.122700045353256	0	0.0929269809291049	0.00916163309374754	0.0679123536914691	0.0908295324578606	0.00193841310285461	0	0.0223412582664209	0.0118695513275946	0.0602907078812726	0.119140280719709	0.322129886065537	0	0	0.0265456718442546	0	0	0	0	0.542277472788922	0.845203242549011
TCGA.QQ.A5VD.01A.21R.A32Q.07	0.00107063237379929	0.000192705907143422	0	0.0488964914392823	0	0.0965460540472933	0	0	0.0114470937484454	0	0	0.0324882862424123	0	0.518245620471976	0.0347373686180907	0.122218620307113	0.0388706379142011	0	0.095286488930243	0	0	0	0	0.655631535442526	0.760342086258195
TCGA.DX.A7ET.01A.11R.A36F.07	0	0	0.0197567872388464	0.338935085516133	0	0	0.0245068327439371	0.0438283236915921	0.0923150713937938	0	0	0.0403304700026966	0.0270543446475156	0.00421606533924011	0.149130537414164	0.217874899394087	0	0	0.0420515826179938	0	0	0	0	0.418202414185917	0.910368136578703
TCGA.DX.A3U8.01A.11R.A29R.07	0.00843561581215527	0.00553405608350358	0	0.0705202101199889	0	0.147741000957942	0.0160606561256511	0	0.0349333660414781	0.00146278611563243	0	0.00775191901044602	0.0947804634008731	0	0.0734772342036839	0.477748338837558	0	0	0.0481954218218576	0	0	0.0133589314692299	0.02	0.236888736638568	0.993283588964963
TCGA.HS.A5N8.01A.11R.A26T.07	0.00616092034425879	0	0.00144906569137072	0.0663490626872187	0	0.139183134967864	0.0756416110988807	0	0	0	0.0104871287440803	0	0.0686342703554889	0.035491920824926	0.031411639735963	0.50964374848467	0	0.00242475653636701	0.0516412230727475	0	0	0.0014815174561649	0.28	0.067226609630957	1.06828207168069
TCGA.LI.A67I.01A.31R.A30C.07	0	5.12634136373184e-05	0	0.00870986797545657	0	0.0778803563794642	0.050651921164802	0	0.0108453809881053	0	0.00161746534177392	0.00258676731837587	0	0.256763012577041	0.0495453980108001	0.496486413741075	0.00173855139584381	0	0.043123601693625	0	0	0	0	0.594488618947228	0.805841501600646
TCGA.DX.A3LU.01A.11R.A21T.07	0.0135243428460802	0	0.00721866426366719	0.162138912827668	0	0.0680124759358102	0	0.0233545906705747	0.0442487403791686	0.040784042916489	0	0.0667436054964987	0.0526507018378157	0.0382977464788097	0.139016236268379	0.296842775025804	0	0	0.0471671650532361	0	0	0	0.38	0.0442275122650818	1.07958301802737
TCGA.3B.A9I0.01A.11R.A39D.07	0	0	0.0004853867848736	0.1218038573956	0	0.240169444202647	0	0.0236800858570986	0.0234355323537829	0	0	0.0275182129764248	0.047928335227972	0.00276665051926755	0.0953654624201389	0.299060391250897	0.00135264842189965	0	0.116433992589399	0	0	0	0	0.388373886247521	0.921612318218693
TCGA.DX.A3LW.01A.21R.A21T.07	0.116960342814309	0	0.0141560331038702	0.0120439955441832	0	0.0932217984201081	0	0	0.00869541397691968	0	0	0.0450527767559116	0.00565412009356517	0	0.0837546612534045	0.425761960727688	0	0	0.18934433836884	0	0	0.0053545589412009	0.02	0.2281989129176	0.993489204513753
TCGA.IS.A3K7.01A.11R.A21T.07	0	0.00286313831682656	0	0.152089019778392	0	0.273657901550352	0	0.0126254840778848	0.0438731943461728	0	0	0.0588167520425741	0.0169642513646405	0.108406848974709	0.0559332700311594	0.24971983617634	0	0	0.0250503033409481	0	0	0	0	0.299563681433636	0.967755122704425
TCGA.FX.A3NK.01A.11R.A21T.07	0.379083687368579	0	0.0543071441912842	0.0536728565359326	0	0.144542148705145	0.00635381665162678	0.0182037470252039	0.0191459360245877	0	0	0	0.0155131515093342	0.0367985393886148	0.0115635046575937	0.162508850090685	0	0	0.0969127700459581	0	9.27893349736385e-06	0.00138456887195672	0	0.449454598259548	0.894804808927878
TCGA.QC.A6FX.01A.11R.A32Q.07	0	0.00267579705257673	0.000188928373730971	0.0437867677255852	0	0.120950910909452	0.0180854986206889	0.0146825061926562	0.0224194031295338	0.0220546447385203	0	0	0.0116688220609271	0.165589212184636	0.141735759920438	0.354046124959679	0	0	0.0774809449607	0	0	0.00463467917087565	0	0.404848770136391	0.916225544922094
TCGA.DX.AB2G.01A.11R.A39D.07	0	0	0.000967866789967768	0.0466163686787831	0	0.11849125356382	0.00868827474442361	0	0.00937717426653551	0.0298866084596815	0	0.0202311824363182	0.130345833230061	0	0.0627754067007595	0.49962027007876	0	0.0172818839859042	0.0557178770649862	0	0	0	0	0.378614979544217	0.928491065371379
TCGA.PC.A5DK.01A.11R.A27Q.07	0.0391628017173087	0	0.00671374613296649	0.318321056411431	0	0.123416030685656	0	0.0518327091151273	0.0132279257403198	0	0	0.0500932858228133	0.0175769880025178	0	0.0643469095342301	0.130151382641182	0.0209605684216875	0	0.16419659577476	0	0	0	0.02	0.217727456355038	1.00621822127869
TCGA.DX.A48K.01A.11R.A30C.07	0	0	0	0.0707755811957858	0	0.115052763543584	0	0.0355493622530204	0.0085962494266288	0	0	0.0107061644424993	0.0383658223306169	0.0574314807281689	0.0323749130304069	0.529029042365529	0	0	0.102118620683761	0	0	0	0.18	0.131258854000702	1.04631123887877
TCGA.DX.A6YR.01A.33R.A355.07	0.00632595632941842	0	0	0.106090930346584	0	0.0544123276281209	0.00152642726425221	0	0.00705141298128637	0.0317230726941714	0	0.00969141468946911	0.107054318679349	0	0.0667087623560277	0.512243352125066	0.0119156381414887	0	0.07470835945025	0	0.0105480273145168	0	0.02	0.258438725085149	0.986319351691174
TCGA.DX.A6YX.01A.11R.A41I.07	0.00458330865467012	0	0	0	0	0.200954360537208	0.00509654485394252	0	0.0743780226948953	0	0.0234407845114023	0.00997290817843501	0.0273393440227131	0.23795928994307	0.0145110408490749	0.373946297074075	0	0.017288420777605	0.0105296779029096	0	0	0	0	0.324535684400492	0.959839207049601
TCGA.IF.A4AK.01A.21R.A24X.07	0.0343731951384683	0	0.00869713016927977	0.0895165684644158	0	0.052705736792153	0.00723159400686388	0	0.0132707695606795	0.0242899429283935	0	0	0	0.321962598593948	0.109427009085765	0.274427132024712	0	0	0.0630474322527403	0	0.00105089098258149	0	0.04	0.186681895808104	1.03137622649344
TCGA.DX.A8BU.01A.11R.A37L.07	0.0775589526850847	0	0.00819105462913782	0.195547955398968	0	0.124388265270246	0	0.0224743298118533	0.0576859514697343	0	0	0	0	0.140983970065975	0.0406034203474281	0.305925491789986	0	0	0.0266406085315874	0	0	0	0.18	0.125232524510999	1.04083795135173
TCGA.DX.A8BV.01A.11R.A37L.07	0.0137360783477634	0	0.0013973974030071	0	0	0.0566982794821913	0.000972916391098161	0	0.0152898749541057	0.0245763341263971	0.0044725067925358	0.0326173481049624	0.049637914282332	0.191178793743483	0.0402209232256169	0.500202043592514	0	0.0106764313149009	0.0583231582390922	0	0	0	0	0.432449548386673	0.905466667094118
TCGA.3B.A9HX.01A.11R.A39D.07	0.0134843259121238	0	0.00385564177971933	0	0	0.12491679053327	0	0.00521085121640178	0	0	0.0530402868566085	0	0	0.216464049149014	0	0.14011826469754	0	0.155901819771924	0	0.236437775658217	0.00796043118575247	0.0426097632394297	0	0.286501739758544	0.981608532833773
TCGA.DX.A2J4.01A.32R.A21T.07	0.0353432572596048	0	0	0.066160300116044	0	0.0934686603667545	0	0.00250195676390227	0.00862354834891502	0.00773223918227849	0	0.0273157263057271	0	0	0.0338507368344777	0.172470845496106	0	0	0.55253272932619	0	0	0	0	0.549591477333502	0.835668346625344
TCGA.DX.A6BB.01A.12R.A32Q.07	0.03757213012233	0.00165645213871594	0	0.0265997386074235	0	0.228401977963339	0	0	0	0	0.00425931326297822	0.0181169356335648	0.0900420880546282	0	0.149475179171421	0.223074453907322	0.030153407790549	0	0.190648323347728	0	0	0	0.36	0.0553207535911002	1.06204677110707
TCGA.QQ.A8VH.01A.11R.A37L.07	0.130109466366537	0	0.0107614789744811	0.0791635981312051	0	0.0901573080446596	0.0217159586107504	0.00177044296624577	0.00421041244755976	0.0151168639585709	0	0	0	0.235834059253249	0.00818513690994722	0.381622281026174	0	0.000382463758283541	0.0209705295523369	0	0	0	0.16	0.136910182093452	1.04781392934894
TCGA.KD.A5QS.01A.11R.A27Q.07	0	0	0	0.0338312730755887	0	0.0493038495480091	0	0	0.00736535371089652	0	0	0.0275436253339446	0.00376750782868655	0.458070700443251	0.034069500687918	0.248541886097253	0	0	0.137506303274453	0	0	0	0	0.545154372149717	0.839119893752146
TCGA.X6.A8C3.01A.11R.A36F.07	0	0.00198753095024486	0	0.12093462802998	0	0.110901107756745	0	0.0262798004484546	0.00883184740770465	0	0	0.0196970912163507	0.123625297425584	0	0.071410456012697	0.483526063028695	0.000858050330974301	0	0.0319481273925701	0	0	0	0	0.343806411613985	0.945252652743639
TCGA.HB.A3YV.01A.11R.A24X.07	0.0873095683255179	0	0	0.217774786978514	0	0.141099087580141	0	0.040692469903163	0.0284771107942256	0	0	0.0593214833418231	0.0526194089214216	0.0833450569191333	0.0420948808614941	0.230995387459864	0	0	0.0162707589147028	0	0	0	0.46	0.0158181969071578	1.08660921842913
TCGA.DX.AB2Q.01A.11R.A39D.07	0.00386955098665526	0.0013592723320707	0.00488033837232598	0.0322010255702299	0	0.136342013316499	0.0146241238180551	0	0.0182092714579596	0	0	0.0284637289260873	0	0.343395920042728	0.111031910969028	0.287254804328347	0	0	0.00679870693171868	0	0	0.0115693329482965	0	0.288938453863618	0.986833975316719
TCGA.X9.A973.01A.11R.A38C.07	0.00409561217049643	0	0	0.0453364784709082	0	0.179081000544986	0	0.00860487535463312	0.0409862630662914	0	0.0338906593348018	0.0260642744681808	0.209352225337211	0.048983986856135	0.0206497374355402	0.356206716002608	0	0	0.0215135045594933	0	0.000389435471323918	0.00484523092739149	0.02	0.243598258638702	0.989093826373472
TCGA.DX.AB2J.01A.11R.A38C.07	0.0328569300120681	0	0	0.00383769560137937	0	0.184369669652938	0	0	0	0	0	0.0647823011642211	0.0881815983875509	0	0.00698923197637711	0.437725042543097	0.0559505326250417	0	0.125306998037327	0	0	0	0.44	0.0280311482221762	1.07554296824473
TCGA.DX.A3U6.01A.11R.A29R.07	0.101103044618223	0	0.0104594256828782	0.307487317757409	0	0.119002564063152	0.0280068253656327	0.0109394576207183	0.0254004282240107	0.00480515658059881	0	0.0149523663726877	0.0282185670360881	0	0.100310975224998	0.186964663514576	0.014550752179082	0	0.0477984557599442	0	0	0	0.02	0.27152332567019	0.978825808567415
TCGA.DX.A6B7.01A.11R.A30C.07	0	0	0	0.062073192198543	0	0.172204047577514	0	0	0	0	0	0.050526069237432	0.0255183101914261	0	0.028871329138252	0.253598849975603	0.0132417591761767	0.00350046185826357	0.390465980646789	0	0	0	0.2	0.123566965795261	1.05005590148141
TCGA.DX.AB2V.01A.11R.A41I.07	0.0763629120308824	0	0.00626098726592266	0.0869182338080369	0	0.0429889148186017	0	0	0.0115428481262157	0	0.0672916848707212	0.0363779101662936	0.0226441012298043	0	0.0227324984289104	0.421211758808367	0.0433329899127494	0.0776600757723453	0.0834876625261827	0	0	0.00118742223496664	0.08	0.164775032356195	1.01724568239615
TCGA.3R.A8YX.01A.11R.A37L.07	0.0074629390608447	0	0	0.0543306438469863	0	0.193720712020211	0	0	0.0237623727206256	0.0039982689497363	0	0.056630918229483	0	0	0.0293196162284973	0.52448560503245	0.0028660514379534	0	0.0944516286853311	0	0	0.00897124378788174	0.0600000000000001	0.181096586556751	1.02018491851684
TCGA.DX.A1L4.01A.12R.A26T.07	0.00443030819697887	0	0.000787359089680726	0.0149464167617511	0	0.148031065460222	0.0146275115106182	0	0	0	0.00136021113860747	0.0191651495048073	0.136191566818236	0.192564263289916	0.00224380683028316	0.344412837034727	0.00912637506148442	0.00820261912756956	0.0486840837809324	0	0	0.0552264263941849	0	0.434279902398731	0.901621267421856
TCGA.HB.A43Z.01A.11R.A24X.07	0.052145424864369	0	0	0	0	0.253683040158249	0	0.00313706537957417	0	0	0	0.0810529004403352	0.056338221136001	0.115142136999349	0.0782965867828159	0.195831161912162	0.011573420237208	0	0.152800042089937	0	0	0	0.3	0.0655880160824424	1.05231209929885
TCGA.DX.A3UF.01A.11R.A30C.07	0	0	0	0.0995257696734244	0	0.0915082756345307	0	0	0.0336428572493321	0	0	0.0484730797842813	0.0224976304734003	0	0.349787234238416	0.179363088856141	0.0225081972135766	0	0.152693866876897	0	0	0	0	0.483649542973873	0.885138762209492
TCGA.MB.A8JL.01A.11R.A36F.07	0.0519540692997537	0	0.016473393598511	0.091428487475965	0	0.10140950302344	0.0277017944489139	0.0179782147817557	0.0213621343360615	0	0.0148624501820634	0	0.00262180066329319	0.219735322932699	0.0542222217554385	0.321553279255997	0	0	0.0582006965691675	0	0	0.000496631676940636	0.02	0.211719245044593	1.00417588746444
TCGA.MO.A47P.01A.11R.A24X.07	0.00112148210339669	0.00894279902643706	0.00176946363987587	0.257914321407462	0	0.182732321002969	0	0.0211554089033953	0.00759801821590325	0.0476527024768442	0.00072480311865092	0.0240411736535959	0.0284924372815597	0	0.0645977020932796	0.212836965615525	0.126301225838414	0	0.0141191756226929	0	0	0	0.22	0.114804298216679	1.05065264902976
TCGA.FX.A8OO.01A.11R.A36F.07	0.00616612917414339	0	0.00637728694965017	0.0163653103251322	0	0.215003211902705	0	0.0071134286650637	0	0	0.0225273859712853	0.00753845342976926	0.0256312419388254	0.225450177294022	0.0277259530385835	0.403129385562423	0	0	0.0369720357483976	0	0	0	0.44	0.024900936181147	1.10098511880128
TCGA.DX.A6B8.01A.11R.A30C.07	0.00246171820697657	0	0	0	0	0.176112762173868	0	0.013771283528404	0	0	0.0166289451481968	0.0539805134412346	0.00664967447001139	0.410499743247093	1.93366219647433e-05	0.266733544570061	0	0	0.0531424785921905	0	0	0	0.2	0.117499080089953	1.08014268243776
TCGA.SI.A71P.01A.12R.A33J.07	0.046233648804551	0	0	0.0866846784146613	0	0.131311538467692	0.00823579534503965	0.00675616139770397	0.00569499487372883	0	0	0	0.290074943629416	0	0.0518965180352971	0.332439679026137	0	0.00537069007440542	0.0193732989568584	0	0.0159280529745095	0	0	0.359794228969072	0.936036418444882
TCGA.Z4.AAPG.01A.11R.A39D.07	0	0.0395750533397286	0.000144808509713033	0.00663827070764377	0	0.0853834643985827	0.0829428144659437	0	0.000967522924799977	0	0.0174910344519666	0.0392751339543199	0.0313005263736321	0.0831903301837292	0	0.548146984943021	0.00565634792065972	0.00665581619603793	0.0526318916302221	0	0	0	0.02	0.246256511918738	0.996481559152446
TCGA.WK.A8XX.01A.11R.A37L.07	0	0	0.000194871231308403	0.026215374808978	0	0.116330604335281	0.0233153350360199	0	0.00304008337993014	0	0	0.0186759598082576	0.0354897605303713	0	0.00607518076435408	0.572245011723405	0.0109263415886655	0.0105493900484007	0.176942086745029	0	0	0	0	0.439939290818861	0.898831518509563
TCGA.DX.AB2F.01A.11R.A38C.07	0	0	0.00138824866890443	0.00928780352344502	0	0.088625807336607	0	0	0.0117171077852624	0.0027887674138905	0	0.0563778301913399	0.118444164743144	0	0.0928357577126708	0.574807382862639	0	0	0.0397837897850163	0	0	0.00394333997708087	0	0.328016896208601	0.960284050361376
TCGA.DX.A48J.01A.21R.A30C.07	0	0	0	0.0788813797625395	0	0.207377018076288	0	0.00709116499995165	0	0.03246385747705	0	0.0535591151397201	0.00899978954072554	0	0.0698387232389018	0.153033170848301	0.0210514653872026	0	0.367704315529319	0	0	0	0.04	0.202263727443159	1.01413347832222
TCGA.DX.A3U7.01A.11R.A29R.07	0.0449499256075988	0	0.00781477415628234	0.0257477711149285	0	0.204358932212324	0.0443975930752585	0.0230254746238713	0.00109151453747574	0	0.0188670923716342	0.0408603583056682	0	0.0920752649447827	0.0738742304644932	0.284829844507585	0	0	0.138107224078098	0	0	0	0.04	0.202483705008014	0.99850943689349
TCGA.IE.A3OV.01A.11R.A22K.07	0.0677209770405886	0	0.0402306327272057	0.117798683737649	0	0.194120735775038	0.00220193613512196	0.00641722422971367	0.0560977118858629	0	0	0.024891699596444	0.0322343189066059	0.0970251186592509	0.0926074942648029	0.208334172213221	0.0121172512363407	0	0.0482020435921545	0	0	0	0	0.27699305386162	0.969854779942356
TCGA.DX.A1L2.01A.22R.A24X.07	0.00903067323825468	0	0	0.0358683935971687	0	0.171045923479304	0	0	0.000210128730694581	0	0	0.0602131972555427	0.0141262091313837	0	0.0672098660074049	0.51408104479188	0.00651623073840195	0	0.121092754234681	0	0	0.000605578795283189	0.0600000000000001	0.180818782304409	1.01979782104507
TCGA.QQ.A5VC.01A.31R.A32Q.07	0	0	0.00880263252057148	0.0549656780314027	0	0.199061940424439	0.0168520629598044	0.0212745344727697	0	0.0209722513565667	0	0.0484846723131533	0.0496834578957418	0.183426050750686	0.0403894687864374	0.296428860350788	0	0	0.0516557582678954	0	0.00800263186974405	0	0.22	0.105116765265521	1.04838847197198
TCGA.DX.AB3A.01A.11R.A41I.07	0.0104717525587986	0	0.000718175182271937	0.123283037469622	0	0.107787258271091	0	0.0117183641235109	0	0.0343832842925175	0.000344711532672997	0.0272196553967386	0.0408087214059101	0.0343763784096791	0.0868155699778452	0.442766756674246	0	0.0321768888061159	0.0471294458989799	0	0	0	0.1	0.146091953644426	1.03427756037278
TCGA.3B.A9HY.01A.11R.A39D.07	0	0	0.000178069646026444	0.112622564308337	0	0.143248159096154	0.0328622760200219	0.0180410374963031	0.00822118419926711	0	0	0.0110612586822209	0.00325714384081364	0.133163667005794	0.15036789343601	0.228302545158828	0	0	0.158674201110223	0	0	0	0	0.31367348915101	0.957536415264331
TCGA.X6.A7WA.01A.12R.A355.07	0	0	0	0.0396493314472923	0	0.173674029703051	0	0	0.0332273215609752	0	0	0.0584942516005629	0.167572780566919	0.0170658520355663	0.0356799347330452	0.251320639654748	0.134496941656223	0	0.0888189170416166	0	0	0	0.18	0.126953887106018	1.02800944905089
TCGA.QQ.A5V9.01A.11R.A32Q.07	0.00561564083792932	0.00570199562765607	0	0.143003573622834	0	0.0245741541592739	0.0163114737074476	0	0.0274441114565084	0	0	0.00834264048556477	0	0.157200382762355	0.0392586422516002	0.553383827002445	0.000251449999410454	0	0.0159847121463908	0	0.00216370029791656	0.000763695642668137	0	0.352472923799762	0.950198222485992
TCGA.X6.A7WD.01A.21R.A355.07	0	0.000927362776333416	0	0	0.019470564907068	0.126318004361874	0	0	0	0	0.0208740345678281	0	0	0.309686387214313	0.00227390369419673	0.359010785677827	0	0.00164093412880272	0.159798022671757	0	0	0	0	0.46392657651261	0.888047293927404
TCGA.N1.A6IA.01A.12R.A32Q.07	0	0.00897206891691207	0.00342607722305205	0	0	0.0799342002383842	0.00350172782459486	0.0207158693175026	0.000981678387695819	0	0.0175087769149296	0	0	0.579536070731314	0.0305570782084095	0.16329665406886	0	0	0.0915697981683459	0	0	0	0	0.744200250353654	0.680173976756629
TCGA.K1.A3PN.02A.11R.A22K.07	0.00833532061388481	0	0	0.0532664657305619	0	0.171981416716049	0.00133244034465643	0	0.0283133222832401	0.00563048797014818	0.0175673880999538	0	0.0378957397058373	0.0208155174137072	0.0562218300470409	0.481778413463444	0.00108421047630264	0	0.111548036405638	0	0.00422941072953568	0	0.16	0.140643459633591	1.03391653693009
TCGA.HB.A5W3.01A.11R.A29R.07	0.0116134086166306	0	0	0.0442978346789243	0	0.216327472442183	0	0	0	0.00437704827573698	0	0.0370109857335882	0.034058860262145	0	0.0676214011167481	0.363776142242997	0.00988149945463417	0	0.211035347176413	0	0	0	0.04	0.194010519292804	1.00572511806436
TCGA.DX.A23R.01A.11R.A26T.07	0.0606984165145801	0	0.00396580539701331	0.0120443603178933	0	0.248015375638974	0.0146763690067675	0.0518859856247532	0.00724683599592132	0	0	0.0266432912239354	0.0397165084283235	0.0376339182589028	0.118067347566824	0.267315597997184	0	0	0.112090188028927	0	0	0	0.38	0.0474769707427259	1.06168902855766
TCGA.3B.A9HP.01A.11R.A38C.07	0.00784273937113977	0	0.00207264111994846	0.106721286827224	0	0.121604548562068	0.00238899842370454	0	0.0228190837129707	0	0.0205024281128079	0.0467683815983206	0.0352564955651974	0.0646143217833186	0.107929140739034	0.401476330450194	0	0	0.0600036037340716	0	0	0	0	0.284087504840626	0.972098344538074
TCGA.DX.A3UA.01A.12R.A30C.07	0.00477954603613159	0	0.00235954428639226	0.00987386472313843	0	0	0.00308898515989975	0.0193976712010893	0.0379331536601451	0.0164998378070831	0.00251009638195805	0	0	0.547929186136226	0.0554253365009608	0.250889887810387	0.00537421907837484	0	0.0439386712182142	0	0	0	0	0.72701963073938	0.69287542490439
TCGA.HS.A5N7.01A.21R.A26T.07	0.0265128314679514	0	0.000766159132422856	0.0813970196508248	0	0.185472213702397	0.0196499650764999	0.00716221449270644	0	0	0	0.0349324267811219	0.053822462790786	0	0.0107146658619833	0.490514681778925	0.0193845448406807	0.0336463809244783	0.0360244334992233	0	0	0	0.04	0.188889216521872	1.01372588951227
TCGA.DX.A3UE.01A.11R.A30C.07	0.0400420380703053	0	0	0.0152977620551103	0	0.176434020555869	0.000711928588687671	0.0296140267476021	0.00922381206795027	0	0	0	0.0581385658885228	0	0.0546071196981945	0.463186038675086	0.134488557567696	0	0.0182323825787487	0	2.37475062278885e-05	0	0.28	0.0743442883195741	1.06486010196286
TCGA.DX.A8BR.01A.11R.A41I.07	0.00612933192281973	0	0.000564527346472464	0.0345010748489108	0	0.0422579266450959	0.00163842264474778	0	0.00118821316080934	0	0	0.0167791128771901	0.0748090481285089	0	0.0437968870417999	0.676227650801666	0	0	0.102107804581979	0	0	0	0	0.379531098117469	0.937267708366988
TCGA.IF.A4AJ.01A.11R.A24X.07	0.0160186590486062	0	0.00202539755968687	0.314721325968003	0	0.0215618393618088	0.0143227069029452	0.0370461742567012	0.0614319183865477	0	0	0	0.0806776133675	0	0.157913759445572	0.243127885513207	0.0334229087640101	0	0.0177298114254117	0	0	0	0.02	0.272597215549086	0.981369714003056
TCGA.DX.A23Z.01A.11R.A27Q.07	0.0187217114255646	0	0.00278904060434094	0.0947065109191644	0	0.175005502250525	0	0	0.0248366529183251	0	0	0.0708203706105026	0.0453270097035304	0	0.0916972588831046	0.284939496418086	0.00937521887623411	0	0.181781227390622	0	0	0	0.08	0.161016784196356	1.01831250552712
TCGA.DX.A6BG.01A.11R.A30C.07	0.136178182047619	0	0.0214816019821374	0.170737296644845	0	0.164250539153955	0.0281666380116614	0.0209593025703212	0.0280210863576518	0.00731625608766955	0	0.0127172758076078	0.00863594270384323	0.130146517022803	0.0751849257471478	0.174177572646272	0	0	0.0220268632164661	0	0	0	0	0.508951979018503	0.863358331389559
TCGA.DX.A8BO.01A.11R.A41I.07	0	0.0180967334674136	0.00262897069515774	0.0529576485867059	0	0.0842928803627095	0.0136913974240542	0.0275682667733789	0.0432483065656972	0.00956936410164898	0	0.0167495915192734	0.00869131102774223	0.0054177741200693	0.0586314318246002	0.463141884101891	0.00185224316740218	0.0865824350005522	0.0979285438603937	0	0	0.00895121740131003	0	0.297981479532195	0.963531604534773
TCGA.DX.A3UB.01A.11R.A30C.07	0.0176369186189364	0	0.0219208519306878	0.0637193272981668	0	0.14429219761847	0	0	0.0610991670475093	0	0	0.0402201962246109	0.047728820060656	0	0.0303667877298812	0.417436672562647	0.000541338949055118	0	0.15503772195938	0	0	0	0.24	0.0959584294721339	1.04420480432121
TCGA.3B.A9HZ.01A.11R.A39D.07	0.0190981568090571	0	0.0136703011654085	0.111858574484066	0	0.220493611468255	0.00792774861039382	0.0285648914735998	0.0118756633460833	0.0163141451812236	0	0.0218747830271335	0.060712785690736	0	0.0722767481446535	0.257638159586368	0.0234330445721899	0	0.129866003499187	0	0	0.00439538294164447	0	0.295379613809302	0.960622846671089
TCGA.JV.A5VE.01A.11R.A29R.07	0	7.70658224900243e-06	0.00321873925381156	0.278017093849179	0	0.0504465941791251	0.0204092497331542	0.0541111125875044	0.00959759426552823	0	0	0.0968687809428991	0.00674999984437202	0.0327532693965871	0.129828225314076	0.200429161435241	0.0146339815617613	0	0.0962558709044931	0	0.0066726201500198	0	0.26	0.0831366519638438	1.06921359059342
TCGA.MB.A5Y9.01A.11R.A29R.07	0	0	0.0547321547815393	0.17546944835571	0	0.0772245601333726	0.0463906936690449	0.0139839066496539	0.0360537968461227	0	0	0.0273949120607915	0.0170446866375452	0.043118857987584	0.0437229819565448	0.418283669066631	0	0	0.0433997015116938	0	0	0.00318063034376679	0.02	0.267605744394698	0.975765701063328
TCGA.DX.AB2H.01A.11R.A39D.07	0.123295659055067	0	0	0	0	0	0.0145319138681561	0	0.00329830850345685	0.174304302866974	0	0	0	0.443944415266682	0.0633826179428311	0.164378162342314	0	0	0.0084820289999765	0	0.00438259115454247	0	0.26	0.0860682516303168	1.09533529690345
TCGA.DX.A6Z0.01A.13R.A36F.07	0.0191559226058569	0	0	0.159396274466182	0	0.0980270343311705	0.0110519681444044	0.00556050097746505	0.0222615425200922	0.00773648167677221	0	0.0276409856148184	0.0141111639137637	0.0729522560678279	0.154907911592821	0.202979475291161	0	0	0.204218482797665	0	0	0	0	0.380184693215563	0.92611758622827
TCGA.KD.A5QT.01A.11R.A27Q.07	0.0274045870605608	0	0.0102400927219878	0.0622780978303653	0	0.252753371355467	0	0.0700095191384532	0.00593966861616519	0.0472169489296774	0	0.0537332925739458	0	0.0320742151964017	0.105948386153709	0.133979491984094	0.0022610339673672	0	0.196161294471805	0	0	0	0.22	0.111272045459186	1.046046117028
TCGA.MB.A5YA.01A.11R.A29R.07	0.00307564941418595	0.0160356835878508	0	0.00957617604644118	0	0.203294532702605	0	0	0	0.0373063406387804	0	0.0401165061977632	0.0935079069520678	0	0.052794480949887	0.302344032878393	0	0.038386857331408	0.203561833300618	0	0	0	0.02	0.269918159104704	0.971329393998482
TCGA.X6.A8C2.01A.11R.A36F.07	0	0.00093039794660996	0	0.00489845954230541	0	0.0178666532960902	0.0241203433689071	0.0075024645911897	0.00289321923024581	0.00892324903393786	0	0.00597538782771857	0	0.517298680983549	0.011649918141949	0.348223310991295	0	0	0.0497179150462026	0	0	0	0	0.757556871159245	0.66247623625454
TCGA.IW.A3M4.01A.11R.A21T.07	0.1104984419047	0	0.00875535340497071	0.0037266562736277	0	0.204514099636036	0	0.032983265863097	0	0.0393807176960096	0	0.0543710267250486	0.0431458276321316	0.0262293989629149	0.0242142389887374	0.231278527016028	0.0334118009985937	0	0.187490644898104	0	0	0	0.24	0.102384170239297	1.03418306896951
TCGA.3B.A9HR.01A.11R.A38C.07	0.000616305833508537	0.0281607826244037	0	0.0855640135179739	0	0.392279930644945	0	0	0	0	0	0	0.0511426964753742	0.0411455398722391	0.00319407315290085	0.116998039739315	0.00975247247524548	0	0.269190610855553	0	0.00195553480854157	0	0.32	0.0608743305101495	1.07218166696453
TCGA.DX.A8BJ.01A.11R.A41I.07	0	0.0194189568714735	0	0.0247452408287302	0	0.127810517104122	0.0305156930911036	0.0105843484396452	0	0.0232022217959451	0	0.00788650141108401	0	0.436641087691797	0.0215340036484796	0.256999157205845	0	0.00325854297331807	0.037403728938457	0	0	0	0	0.437147840127716	0.906753129403897
TCGA.DX.A23T.01A.11R.A26T.07	0.0523975841290189	0	0.0404534696301284	0.124937291979778	0	0.217447085355475	0.0207150669940594	0.00744707435910481	0.0463292497153867	0	0	0	0.0926190473053983	0	0.0365809129465166	0.319370250986042	0.00755343318663989	0	0.0101121970057994	0	0.00840060998875182	0.0156367264179012	0.0600000000000001	0.183055355029005	1.00980216639016
TCGA.SI.A71O.06A.11R.A38C.07	0.013196150273673	0	0.0169354076176613	0.419001595817955	0	0.00943308440135263	0.056956530029322	0.0251127823812665	0.0179016753314611	0	0	0.0710854991851385	0.0143842092270931	0.0378824613417103	0.0839001120776167	0.126793894013636	0.00973080152537693	0	0.0942564942682437	0	0	0.00342930250849427	0.04	0.199231799864606	1.02053021462927
TCGA.DX.AB3C.01A.11R.A41I.07	0	0	0	0	0	0.451087837995951	0	0.00167876793043425	0.0128464344240938	0	0.0100296891161782	0.0464532119067837	0.0388893064027953	0.191027137428953	0	0	0	0	0.236796606485097	0	0.0111910083097141	0	0.66	-0.00470836532301812	1.10618122717292
TCGA.WK.A8XZ.01A.11R.A37L.07	0.0268708643845407	0	0.00039730807140119	0.0401447466403036	0	0.243690196724662	0	0.000232505145768425	0.00262062998115571	0	0	0.0552942213614561	0.0886147019186351	0	0.106511545870596	0.230202740921846	0.00859927084684129	0.00569938432684928	0.191121883805944	0	0	0	0.26	0.0792212464457102	1.0492935071116
TCGA.QC.AA9N.01A.11R.A39D.07	0.00255799277807705	0	0.00437016231400224	0	0	0.135904026118918	0.00458788038318086	0.0065848845775556	0.0127211418256232	0	0.0469109982684974	0	0.0407597082897934	0.491023372248808	0.00387749923098328	0.22459382307858	0	0	0	0.0204356859727058	0	0.00567282491327504	0.02	0.231589796263661	1.03579485175419
TCGA.DX.A7EO.01A.11R.A36F.07	0.0125663940021018	0	0.00547240679089352	0.141261908222718	0	0.153306989803073	0	0.0105283299183054	0.0315131964049254	0	0	0.10609747857173	0.017020295538342	0.337356414660344	0.00407115964483145	0.103610384951063	0	0	0.0771950414916725	0	0	0	0.88	-0.0251087233897762	1.12274728329895
TCGA.WK.A8XQ.01A.11R.A37L.07	0.00350824340593671	0	0.00556760812719945	0.152450239017398	0	0.13534984890089	0.0462947909383122	0.0300886131189211	0	0.0242509595212528	0	0.0412708238632114	0.0804465439034258	0	0.0699605576891721	0.35713856352084	0	0.00681045508531743	0.0468627529081238	0	0	0	0.44	0.0319845183580876	1.0735799714828
TCGA.K1.A42X.01A.11R.A24X.07	0.0269649214704189	0.00400096180047006	0	0.0606955489496932	0	0.196717033322935	0	0.0100602618130548	0	0	0	0.05406198298926	0.0466563895745084	0	0.00593191370570315	0.168725460613285	0.00916797692932786	0.0265624085730393	0.390455140258305	0	0	0	0.36	0.0557734835515996	1.07730477438145
TCGA.MO.A47R.01A.11R.A24X.07	0.00182235481992913	0	0.00100850006983734	0.079807543312348	0	0.142359363440192	0	0	0	0.0803217422975256	0.00396935662860953	0.011215636297804	0	0	0.0758249245065088	0.421469246136063	0	0	0.182201332491183	0	0	0	0.46	0.0142007863106981	1.08407350400529
TCGA.QQ.A8VB.01A.11R.A37L.07	0	0	0.00429640141866588	0.0688802252528118	0	0.0777462474110031	0	0.0147242410565085	0	0	0	0.0615798086183359	0	0.0101946437733144	0.0684746343019159	0.180687675473775	0.0494688384699935	0	0.463947284223676	0	0	0	0.44	0.0263775355715378	1.10898584141838
TCGA.DX.A6BA.01A.11R.A30C.07	0.00802407472458986	0	0.000463190087339433	0.0324261009933568	0	0.195204080833154	0	0.0142681702876151	0	0	0	0.00583855952315143	0.365013246875455	0	0.00826833700654488	0.218742952031734	0	0	0.15175128763706	0	0	0	0.24	0.104261118983758	1.05013920942386
TCGA.DX.A7ER.01A.11R.A36F.07	0	0.00415797735650601	0.0302962539713664	0	0	0.325656573769742	0	0	0	0	0.102900890041407	0.0182370148561318	0.0930050733450547	0	0.0441045590371597	0.180845810243333	0.0388387260048041	0	0.13758713939726	0	0.0243699819772347	0	0.92	-0.0321035034861812	1.08481148289919
TCGA.WK.A8Y0.01A.11R.A41I.07	0.00810041619520017	0	0.00286129415334201	0.225005015008677	0	0.133120300385241	0.112598618324549	0.0119000615383936	0	0.0304264586505387	0	0.0364406524182096	0.0154391140225964	0	0.10654987481672	0.248527771756494	0.0221651975408026	0	0.0468652251892352	0	0	0	0	0.41725287016534	0.908401052901375
TCGA.DX.A3U5.01A.11R.A22K.07	0	0	0.0013597435509714	0.0245626931908656	0	0.121845886767215	0	0	0.00370717856442772	0.00508047479865009	0	0.0348279356579506	0.171748782946347	0	0.0283858885042735	0.533583184098061	0	0.00885207678453107	0.0639974672986908	0	0	0.00204868783801575	0	0.34702039199091	0.946624455104274
TCGA.DX.AB2Z.01A.11R.A38C.07	0.00437453433729179	0	0.0107373363704367	0.480027817991662	0	0	0.0471171382633076	0.0331855483548589	0	0.0452516658791638	0	0.0384813725986775	0	0.126266857157419	0.0361921787431365	0.162998832134172	0.00638884504842101	0	0.00897787312145292	0	0	0	0	0.538616585591865	0.841841517927257
TCGA.QC.A7B5.01A.11R.A33J.07	0	0.0076389725587672	0.00510632678865538	0.0886560867268561	0	0.0902802006972624	0.0381139557072366	0.0161706964671063	0.0152343400662621	0.0386325291340985	0	0.0220600817598916	0	0.389789739368836	0.0428765832127488	0.171226063163956	0	0	0.0742144243483237	0	0	0	0	0.687553594459342	0.751054495677656
TCGA.DX.A7EQ.01A.11R.A466.07	0.00726269298794087	0.00962787296526057	0	0.111045686738507	0.0165666894524134	0	0	0	0	0	0.0231497447310021	0.0226386083982205	0	0.376790950227533	0.00767335181567196	0.394799522818352	0	0	0.0304448798650984	0	0	0	0.26	0.0870826779672485	1.10686709271236
TCGA.X6.A8C5.01A.11R.A36F.07	0.0279494166097845	0	0.000728567211676875	0.201074794693598	0	0.145594251346463	0	0	0.0351594435739969	0	0	0.0409767794517633	0.100677046694216	0	0.0632373079082459	0.289211041609321	0.00114386083842869	0	0.0942474900625053	0	0	0	0	0.284875518850722	0.96700183962719
TCGA.UE.A6QT.01A.12R.A32Q.07	0.0602271959264002	0	0.0013793808633566	0.275265381708209	0	0.0437103215775432	0.0570836819037212	0.0480178868810256	0.0598918205076515	0	0	0.0238226162779809	0.0295030543904686	0.102692734972013	0.0911957690155781	0.136000584131672	0	0	0.0712095718443799	0	0	0	0.02	0.246030270026123	0.986658530732385
TCGA.DX.A48U.01A.11R.A30C.07	0	0	0	0.0639268773658055	0	0.258732835792811	0	0	0.00571202973025824	0.00339842402191702	0	0.0250449920600491	0	0	0.0358003427816467	0.30691073397424	0	0.0131387991116643	0.287334965161608	0	0	0	0.3	0.0650233356290214	1.064270339891
TCGA.Z4.AAPF.01A.11R.A39D.07	0.00534112406600354	0	0.00198171259985246	0.0205658270331425	0	0.0760208233152702	0	0.0358313682384416	0.0507023219098375	0	0	0.0199249253873093	0	0.561641786279806	0.0382620705591338	0.159799713297715	0	0	0	0.0241951481458119	0.00573317916767643	0	0	0.634540342002411	0.77335972026632
TCGA.DX.A1KY.01A.11R.A24X.07	0.0160121035033043	0	0	0	0	0.18355058209674	0	0.0166197195219602	0	0	0	0.0232111475133638	0.0144408293631927	0	0.0489246932192034	0.670812730966478	0	0	0.0264281938157581	0	0	0	0.62	0.00215587310157234	1.12416765892469
TCGA.DX.A23V.01A.11R.A29R.07	0.00412323751924363	0	0	0.0481756201587731	0	0.157006228989915	0.00268913368931431	0	0.0162411653489869	0	0.000178038281837097	0.00331837043095112	0.167936664983612	0	0.0781683374491097	0.490919127424534	0	0	0.0312440757237237	0	0	0	0	0.481202165567092	0.876209485349373
TCGA.DX.A8BQ.01A.11R.A37L.07	0	0	0.00215467337084199	0.325398110933107	0	0.0134444446581065	0.0231477452649358	0.024817107306188	0.0604726091976347	0.0289103514140817	0	0.0120995413999098	0.0309112504668469	0.0126469837803041	0.109838321272645	0.301164638976767	0.00700845985523734	0	0.0479857621033942	0	0	0	0	0.570944324981714	0.827364274759414
TCGA.PC.A5DP.01A.11R.A26T.07	0.115190202350591	0	0.0152154233464044	0.118396578132345	0	0.242783333633738	0	0	0.0304278922761702	0	0	0.0297387492825461	0	0.0786363209339972	0.0367240452904164	0.183183125689061	0	0.0168802679864137	0.132824061078317	0	0	0	0.14	0.142047766559269	1.0248298906014
TCGA.FX.A3TO.01A.11R.A22K.07	0	0.00490481637269082	0.0212601920245733	0.0658143669151125	0	0.133313401533338	0	0.0331899508066148	0.00958255239221068	0	0	0.0464201232639025	0.0150669397748218	0.0415794462052566	0.0381425297066487	0.390905135714329	0	0.134268225021307	0.0551806328914626	0	0	0.0103716873777325	0.18	0.127736099196796	1.03579914380928
TCGA.X6.A8C4.01A.11R.A36F.07	0	0.00203497024524882	0.000168881166583533	0.0438042318611391	0	0.183754998571101	0	0.0143216318132179	0.0143946136051201	0	0	0.0421251279948083	0.116392883684244	0	0.0207558014210848	0.525448011599808	0	0.0316434664025157	0	0.00515538163512928	0	0	0.22	0.112091564821108	1.05605889280803
TCGA.X9.A971.01A.11R.A38C.07	0.00109741690040411	0	0.0012299172523843	0.0301640145524337	0.0272033456585646	0.145098749860944	0.00413009416460295	0	0.00427912510308619	0	0.034874143361726	0	0.00357598801199014	0.450735464922567	0	0.143954719880129	0	0	0.153657020331169	0	0	0	0	0.522084943285196	0.853598553940222
TCGA.DX.AB2O.01A.12R.A39D.07	0	0	0.000909097380004808	0.18288606151144	0	0.164007060165373	0	0.0463254172563765	0.0461424106359957	0	0	0.0437771153478503	0.0108850493288052	0	0.120395201847452	0.315066755007549	0	0	0.0696058315191544	0	0	0	0.08	0.162698555265208	1.02908603752719
TCGA.3B.A9HO.01A.11R.A38C.07	0	0	0.00730179368851526	0.23042514944497	0	0.12054639870754	0.00457968347577051	0.0370541234396535	0.0545575301845526	0.00553090924264123	0	0.0187359899304678	0.0394776163845233	0	0.125598497657175	0.338747291480961	0	0	0.0174450163632288	0	0	0	0	0.474422639788141	0.879479461161472
TCGA.PC.A5DO.01A.11R.A26T.07	0.0347447739447526	0	0	0.141382665837661	0	0.151068278196034	0	0	0.074395117398215	0	0.00690351671185917	0.0241692078558272	0.0330554998353892	0.101702250492629	0.0321803874688939	0.292736162626822	0.0597742872491266	0	0.0478878523827912	0	0	0	0.02	0.208087346673725	1.00044296889922
TCGA.DX.A7EF.01A.11R.A33J.07	0	0.0105227317843572	0.000378535581569031	0.0128645056207477	0	0.12634129515255	0.0206955028407175	0.0167100321666044	0.0183129372230274	0	0	0.0228136445588495	0	0.373597252144521	0.0671498992237928	0.275702441085296	0.000167791515193388	0	0.054743431102774	0	0	0	0	0.450434022938937	0.895578436249137
TCGA.KF.A41W.01A.11R.A24X.07	0.000778860797062335	0.000748369320109891	0.00450917723473646	0.0640247383530154	0	0.197765581647096	0	0	0.0360578579275784	0	0	0.0564023479632031	0.00897779845748574	0.141659470060486	0.101352871531386	0.236910679850829	0.0219438370627902	0	0.128868409794222	0	0	0	0.28	0.0687807237350887	1.05905799903981
TCGA.DX.A8BS.01A.11R.A37L.07	0.000971511013642432	0.000955294421950372	0.00399672619358186	0.0781454496535497	0	0.0778766786429376	0.00515862298647886	0.00747087473252624	0.0371014730324451	0	0	0	0.028980245477877	0.25824757935235	0.0331079106523319	0.462575709171591	0	0	0	0.00541192466873813	0	0	0	0.449494385654212	0.897211611614986
TCGA.VT.AB3D.01A.12R.A41I.07	0.017364716834298	0	0.0256157466264369	0.454766652588074	0	0	0	0.102680441578685	0.0723140987255965	0.0340502406059074	0	0.0549989133842813	0	0.0331451305070831	0.065013978634971	0.125450491692136	0.00750867542486645	0	0	0.00709091339766469	0	0	0	0.323391211859441	0.974674894743797
TCGA.WK.A8XS.01A.11R.A37L.07	0.0211815846763318	0.00265053354321328	0	0.0451560438711997	0	0.20881660381609	0	0.099549438272857	0.0042054289067755	0	0	0.0501508998145907	0.0596333270637541	0.00655699954276995	0.0625317654834072	0.244603907040578	0	0.117445760506986	0.0775177074614464	0	0	0	0.38	0.0454321639012308	1.06396593479668
TCGA.FX.A3NJ.01A.11R.A21T.07	0.0301536878996388	0	0.000744951376888134	0.0333070620217146	0	0.202633426425537	0	0.00709859060123236	0.0166861641549014	0.00362654459778298	0	0.0567866911052695	0.0424037473874159	0	0.0867312344725588	0.160247858406782	0	0	0.359580041550279	0	0	0	0.2	0.121679916493771	1.04593396820721
TCGA.3B.A9HS.01A.11R.A39D.07	0.0249493117328357	0	0.000497645928991866	0.287930371137925	0	0.0858815330786184	0.0052908825531817	0.0650465049106132	0.0453590140173111	0.0168210837682166	0	0.0238895142038292	0.0112291765754586	0.0548122104911512	0.100943507097043	0.265360152418204	0.0119890920866202	0	0	0	0	0	0	0.489323556252464	0.871364121812237
TCGA.DX.A1KZ.01A.11R.A24X.07	0.00516291922254633	0	0.00165342755177445	0.0269972335619272	0	0.171929165287771	0.0107051696821697	0	0.00860241256353121	0	0	0.0162207006598048	0.116524515769311	0	0.00347898258149399	0.506279689580597	0.000859726382239003	0.00190105403501081	0.129685003121823	0	0	0	0	0.282926888428055	0.973823527377684
TCGA.SI.AA8B.01A.11R.A38C.07	0	0.00473899838946259	0	0.0135088442434852	0	0.0171721969422286	0	0.0110910818988639	0.00030912582342892	0.024560745546719	0	0.00867304509592204	0	0.449297384659263	0.045679284688416	0.331787715032766	0.000364364119444553	0	0.0928172135600002	0	0	0	0	0.732502771431138	0.69417909982158
TCGA.QQ.A8VG.01A.11R.A37L.07	0.0143782668279993	0.00909628963985279	0	0.0640889470115915	0	0.10391580688521	0.0164173321353524	0.00112333640845229	0.0337702118402106	0	0	0.00927742785024861	0.145506652578367	0.162847136392548	0.00789267546499109	0.347731508803445	0.00475430304737044	0.0218710170643523	0.0473792081426899	0	0.00105501016774975	0.00889486973956983	0	0.476414722987587	0.879589373415242
TCGA.DX.A1KU.01A.32R.A24X.07	0.0112641400045274	0	0	0.127577651684947	0	0.14557685046013	0.0330012108496711	0	0	0.0138462538458808	0.0139902026418286	0	0.0453823342865645	0	0.146664098248929	0.423272804832694	0	0	0.0394244531448277	0	0	0	0	0.282260092763214	0.974980467764542
TCGA.PC.A5DN.01A.12R.A27Q.07	0.0559326480414565	0	0.00709340211522565	0.0444346927701788	0	0.128178424338399	0.00160896845873584	0.0166306491108526	0	0	0.00820747477452994	0	0.0446340113159418	0.332160948824774	0.0312942364589837	0.264975229660212	0	0	0	0.0539409763401543	0.010908337790556	0	0.22	0.114114800084752	1.0650578384353
TCGA.DX.A7EL.01A.12R.A36F.07	0.0306910382067865	0	0.00714276629482514	0.352398564436735	0	0.0600034502321656	0	0.0323843179175878	0.0299392291551567	0.0356959042695765	0	0.0410169213939612	0	0.00656890310790458	0.132001566689225	0.133410707788089	0	0	0.138746630507987	0	0	0	0.04	0.203037920163415	1.02098393433031
TCGA.DX.A3M2.01A.21R.A22K.07	0	0.0368591465271282	0.000142293441053071	0.131004699093405	0	0.0556587163690086	0.00948116400511905	0	0	0.0339466358845425	0	0.0667767293034295	0.0271217561596442	0	0.0482481491390402	0.46704827966042	0.00652677552862938	0.00479964796562349	0.102631830232255	0	0	0.00975417669070173	0	0.323196481602894	0.952614736309391
TCGA.JV.A75J.01A.11R.A32Q.07	0.00410747634765836	0	0.00487249720026369	0.145996573631088	0	0.244605246032341	0	0.0189655100733255	0.0491832367986359	0	0	0.0381821490191789	0	0.481035094948065	0	0	0	0	0	0	0.0130522159494436	0	0.44	0.0309474623562536	1.13179945899
TCGA.3B.A9HI.01A.11R.A38C.07	0.0242363226314119	0	0.000599829659330752	0.135503511816322	0	0.0539840527075171	0.0497418380123329	0.0258367952018985	0.0262147277912566	0	0	0.0233545179790983	0.00150867602321404	0.207509839310831	0.0904766936510647	0.276828056808547	0	0	0.0819668665109025	0	0	0.00223827189627206	0	0.594639511154439	0.818023042574906
TCGA.DX.A8BL.01A.11R.A41I.07	0	0.0157927435443378	0.10499980769388	0.233840017794692	0	0.0770694623838154	0	0.0444535353265553	0.113997507382011	0.0393834754091917	0	0.044547933736769	0.0199912988358428	0.00588696852267335	0.084719535084824	0.163878591557432	0	0	0.051439122727976	0	0	0	0.02	0.205662168121779	1.01197576944699
TCGA.X6.A8C7.01A.11R.A36F.07	0	0.00749008472444015	0.00268636814434089	0	0	0.136665296048117	0	0.0100021975665049	0.0193504777286333	0	0	0.0530047426641167	0	0.37412426538867	0	0.107174306313697	0	0	0.28950226142148	0	0	0	0.36	0.0531931426104481	1.09581862850815
TCGA.MJ.A68H.01A.11R.A30C.07	0.00211009546863523	0	0.00117779204153942	0.00941699068060592	0	0.307185556915106	0	0.0234825764662819	0.00913164863164595	0	0	0.0424015717364731	0.0212219300244056	0	0.0860937271510643	0.27272313038124	0.149641162413594	0.00223677201361135	0.0731770460757983	0	0	0	0.26	0.0799350571564864	1.0502862750572
TCGA.IW.A3M6.01A.11R.A21T.07	0.0159279730326971	0	0	0.0973310284351268	0	0.158323737957627	0.00136086112047274	0.021239289687626	0.0789492575916684	0.0105678636539119	0	0.0178470013558039	0.0285098609284349	0.0835086252719935	0.0378799729925046	0.429123074797488	0	0	0.0194314531746449	0	0	0	0.36	0.0518451281480245	1.07661475690732
TCGA.IE.A6BZ.01A.11R.A30C.07	0.000784122646061148	0	0	0.0880192007107432	0	0.258748827015731	0.0319229714187763	0.00435878349185383	0.0252215318422098	0.0124693633728412	0	0.0404052614159447	0	0.00577808612732019	0.112142881111785	0.281183415195377	0	0	0.138965555651356	0	0	0	0.26	0.0813271326826595	1.05653424195668
TCGA.DX.A1L3.01A.11R.A24X.07	0.00599103436458274	0	0.00147062361654454	0.0405309742737776	0	0.123952472267968	0	0.0373153113213769	0.00171349170985997	0.0331987835199033	0	0.0206952193473423	0.0171815121246631	0	0.0939286648872698	0.370941967412505	0.00130736982212624	0	0.25177257533208	0	0	0	0	0.378123004427946	0.926801833285883
TCGA.X2.A95T.01A.11R.A37L.07	0.0319317080535526	0	0.00386711146395446	0.0952761593549385	0	0.151954163829995	0	0.0325958558261558	0.0157020778716785	0.00395336298876062	0.00862438134523054	0.00631324846578605	0	0.230526890621245	0.10920455285128	0.262690645930543	0	0	0.0473598413968796	0	0	0	0.04	0.18778076568769	1.01871993913918
TCGA.DX.A6B9.01A.12R.A32Q.07	0.00615895630685001	0	0	0.031349663011238	0	0.261651937792141	0	0	0.015801362322507	0	0	0.0921614951861761	0.0333003183128704	0	0.0324470415296268	0.155919615693643	0.0143419067277345	0	0.356867703117214	0	0	0	0.26	0.0898691356761204	1.06320080519523
TCGA.DX.AB2X.01A.11R.A38C.07	0	0	0.000435431926050612	0.030148124157583	0	0.114714031546149	0	0	0.0295130768578319	0	0	0.0191793275421696	0.0242721475591151	0.351338877364966	0.012088841512737	0.388409143729246	0	0	0.0299009978041515	0	0	0	0	0.334529859743306	0.967655149945818
TCGA.MB.A8JK.01A.11R.A36F.07	0.0129323625928462	0	0	0.1453928949661	0	0	0	0.0170045669094874	0.0757360139528274	0.0266213467784091	0	0.0497666250175674	0	0.110165978026709	0.0838954788141491	0.174046145595859	0	0	0.304438587346045	0	0	0	0	0.334446225305302	0.947971224292769
TCGA.QQ.A8VF.01A.11R.A37L.07	0.0739421404475673	0	0.0376514586127092	0.385872045247898	0	0	0.0351488227793807	0.0624777354183543	0.0491185285852145	0	0	0.0299970604127426	0.00425457561919414	0.10996819194754	0.0908390521194944	0.0984945466082327	0	0	0.022235842201672	0	0	0	0	0.447325867401266	0.89426800141159
TCGA.K1.A42W.01A.11R.A24X.07	0.0059642221249718	0	0.000725956492949814	0.0500651788548497	0	0.187014095700772	0	0	0.00510010266119179	0.00373425913009231	0	0.0650900401115988	0.0486506564753782	0	0.0509845893587333	0.376224234616087	0.0111122395071818	0	0.195334424966193	0	0	0	0.02	0.264333172256936	0.976220115973694
TCGA.DX.A3UC.01A.11R.A30C.07	0.0309254216628789	0	0.0075481971903001	0.0866814615585018	0	0.224018296456661	0	0.00728259296944117	0.0019647857655418	0.00327629992995575	0	0.0435746087486221	0.0517368279760535	0.0276835133995639	0.0491757226051759	0.20903329100213	0.0846226597113768	0	0.172476321023797	0	0	0	0.0600000000000001	0.170807401815139	1.00830657571427
TCGA.SG.A849.01A.11R.A355.07	0.00888892270592185	0	0.00785482209120831	0.311422886738177	0	0.0537831744002678	0.0119676581060648	0.0472664117481687	0.0502711798126802	0	0	0.0309033601859092	0.0294421770577772	0	0.117009033198168	0.268396946812665	0.0181327678528986	0	0.0446606592900929	0	0	0	0	0.518100020619594	0.85625259267667
TCGA.DX.A1KW.01A.22R.A24X.07	0.00402711001757889	0	0.00155719769675869	0.0310018411479791	0	0.13365709750046	0	0.00247938529516992	0.00673630159486843	0	0	0.0537606839415149	0.0652400949425965	0	0.0423111789406717	0.509256456511541	0.00499881247542131	0	0.124870282692253	0	0	0.020103557243186	0.2	0.118403189834488	1.04657679924749
TCGA.FX.A48G.01A.11R.A24X.07	0.0292122666148367	0	0	0.226679278853856	0	0.0607858285411313	0.0129738181101193	0.0208329571074499	0.0676794597686569	0	0	0.115657905180702	0.0263046498451212	0.0108687151444301	0.0353555736251888	0.260332427249287	0	0	0.133317119959221	0	0	0	0.08	0.16507088567267	1.02501102645437
TCGA.DX.A8BN.01A.11R.A37L.07	0.00306864712277384	0	0.000918439608713083	0.0254143606436023	0.00337696126269238	0.0341880475974909	0.0053421043928921	0	0.00388079719749655	0	0	0.0324678042467586	0.12919958567982	0	0.00247400408262006	0.668592138273623	0	0	0.0910771098915169	0	0	0	0.02	0.237430375657734	1.01623034358155
TCGA.K1.A3PO.01A.11R.A21T.07	0.0966116594870413	0	0.0324439093138503	0.201735893869652	0	0.119756147642785	0.0216630584356776	0	0	0.0482222062152608	0	0.0746328157517166	0.00184405132356709	0	0.029811167787885	0.194970538296935	0.0490381324450854	0	0.129028650147746	0	0	0.000241769282798454	0	0.300598297936386	0.960907027724132
TCGA.LI.A9QH.01A.11R.A37L.07	0.00301346524672148	0.000890234495655377	0	0	0	0.269248475761282	0	0.0016988662944613	0.0202073715111512	0	0.0368698494966472	0.0282009076220978	0.0445538637076488	0.067359711290347	0.0382299662839871	0.271363018052331	0.00181788755323062	0	0.21654638268444	0	0	0	0.22	0.104868937451518	1.04002868017156
TCGA.DX.A23Y.01A.11R.A27Q.07	0.00204487848481154	0	0.00551819484516412	0.348576134462084	0	0.0266684936998108	0.0266677655580355	0.0198879197036164	0.046353680372705	0.0569767067143739	0	0.0138873281924516	0.00589164293996677	0	0.123969992803008	0.309137721466987	0	0	0.0144195407569843	0	0	0	0	0.432498067383992	0.902973514041734
TCGA.DX.A48R.01A.11R.A30C.07	0.00323010365152581	0	0	0.012198352886621	0	0.386919293091828	0	0	0	0	0	0.0435134293838007	0.00451347278594617	0.00684128476956985	0.0312784263458735	0.414221734386385	0	0.0497425513903092	0.0475413513081406	0	0	0	0.38	0.048002710577518	1.07548638134421
TCGA.DX.A6YS.01A.12R.A355.07	0.00507929678428321	0	0	0.0516681978166027	0	0.180137663831587	0	0.00337950888946099	0.0289443123899986	0	0	0.0639968478149833	0.0387069212853869	0	0.130360080843066	0.288081309812606	0.0389402077364847	0	0.170705652795541	0	0	0	0.22	0.105701735196624	1.04354536723708
TCGA.DX.A6YZ.01A.12R.A355.07	0.00121397090309125	0	0	0.0542227101239351	0	0.149386972029041	0	0.0192300300366633	0.00208062718688706	0	0	0.0274847243929181	0.0313831868035886	0	0.0537950236113411	0.424323335833572	0.0136280826700351	0.0303368349526329	0.192914501456294	0	0	0	0.02	0.221163062195096	0.996028105557371
TCGA.VT.A80J.02A.11R.A41I.07	0.0375768890573449	0	0.00608886387079718	0.0883254524146604	0	0.0982792916030661	0.0676501199173791	0.00712017437253298	0.0602976782873574	0.015932334139771	0	0.00758449165768958	0	0.184016958026578	0.100299042446474	0.216406469657852	0.0467838332884887	0	0.0636384012600083	0	0	0	0.0600000000000001	0.175866340599328	1.01329149014067
TCGA.3B.A9I1.01A.11R.A39D.07	0	0	0	0.0591405799289747	0	0.18893253681071	0	0.0209015285857755	0.0217201722067432	0	0	0.0390769699370627	0.00879099080944115	0.0936637483999132	0.0552964311804456	0.414682369896798	0.00418674351136896	0.0171581849159445	0.0756038484375139	0	0.00084589537930859	0	0.02	0.233882741291759	0.994133938003538
TCGA.QQ.A5V2.01A.11R.A32Q.07	0.011102699439803	0	0	0.0871174338196315	0	0.00610669175164139	0.0164162819871466	0.0184886760676293	0.00234101903771799	0.0143405374880654	0	0.00825648841286595	0.0283579057012938	0.397638353349265	0.00177579062141549	0.370546613343916	0	0	0.0375115089796079	0	0	0	0	0.722129656056842	0.708042164661174
TCGA.DX.AB30.01A.11R.A39D.07	0.0230370816164628	0	0	0.0585713172862173	0	0.181933529839704	0	0	0.0278606088522596	0	0	0.0285309727180417	0.00217076335702704	0.353723899403649	0.0528158191761018	0.149526038456864	0	0	0.121829969293673	0	0	0	0.2	0.119870828419311	1.05354903083028
TCGA.IS.A3K8.01A.11R.A21T.07	0.0491984598273947	0	0.00319647891744721	0.03751954803867	0	0.0761750947313724	0	0.0278751657613809	0.0100672541991305	0.051091087321227	0	0.0498860134094759	0	0.218559116105911	0.0397380960666527	0.245464920258481	0	0	0.191228765362857	0	0	0	0.0600000000000001	0.179735355238836	1.01538020740479
TCGA.PC.A5DL.01A.11R.A26T.07	0.0565920059137063	0	0.00784367819961008	0.0686785756984859	0	0.31127954392819	0	0	0.00130474606902286	0.00207724064924295	0	0.0381031556920678	0.0946675063339635	0.0148799921051096	0.079176216197417	0.130433961525749	0	0	0.194963377687435	0	0	0	0.04	0.196317199059682	1.003031831968
TCGA.FX.A76Y.01A.11R.A355.07	0.00388058909905147	0	0	0.0424097163268664	0	0.227798659233912	0	0.0319576652801585	0.0268146589257765	0.0247344343744167	0	0.0534795122597988	0	0.113589680012589	0.0413158364834784	0.191027076586169	0	0.0280614625777469	0.214930708840036	0	0	0	0.02	0.2518954505602	0.981572763419986
TCGA.K1.A6RU.01A.11R.A32Q.07	0.019745495781481	0	0.00932259955968808	0.0470957532830672	0	0.132670317936663	0.00208370577415191	0	0.00368590664914489	0	0	0.0434741500855925	0.0521660142473305	0	0.0789121681015112	0.480084671176682	0.00915918155583632	0	0.121600035848852	0	0	0	0	0.293760868370561	0.966287340075119
TCGA.K1.A6RV.01A.11R.A32Q.07	0	0.00867271733128197	0.00243266473395595	0.00410080272514697	0	0.00537952110695936	0.00198296928504387	0.0115662340031207	0.0162154779403176	0.0140716836372386	0	0.0190501329941677	0.000698937852255494	0.587218699609573	0.00597055802065544	0.320630588000378	0	0	0.00200901275990534	0	0	0	0	0.717848481897327	0.697675674305762
TCGA.DX.A48P.01A.11R.A30C.07	0	0.00127110408799114	0.000394703105567663	0.121838890155359	0	0.148602333220772	0	0.0315436912390398	0.00979497513335237	0.00483418231059138	0	0.0234691148039221	0.0663114184319706	0	0.0909518271670751	0.308655337945274	0.0282393000174211	0	0.164093122381663	0	0	0	0.16	0.134491296058624	1.02790136456317
TCGA.JV.A5VF.01A.11R.A29R.07	0	0.00792991350783752	0.00275147028132634	0.00523135414322713	0	0.00173968900988616	0.0424285398967566	0.0109698553417012	0	0.00323477437754653	0	0.0117617858110307	0	0.713086281016289	0.00558118963599269	0.172786542527561	0	0	0.0224986044508447	0	0	0	0	0.799182485718469	0.606992585714359
TCGA.DX.A6BF.01A.11R.A30C.07	0.000695446155986569	0	0	0.0526457424454086	0	0.179890443896816	0.00542720273398018	0	0.00789112715680124	0.0446675233251809	0	0.0467843403062515	0.0670200822229327	0	0.0611617498054101	0.490828938928859	0	0	0.0429145716363048	0	0	7.28313860685569e-05	0.16	0.137289108395344	1.03978212831388
TCGA.HS.A5NA.01A.11R.A26T.07	0.0202399760989485	0	0.000675049573234628	0.0870913272652542	0	0.168327633431608	0.0222575699188658	0.0534250118534126	0.0114135897286798	0.0325801966402164	0	0.0213893658275445	0.0464325279433307	0.177247683049439	0.0724254917260734	0.187032953133413	0.00649538554176138	0	0.0857353616177821	0	0.00723087665043496	0	0.04	0.189066435024405	1.00721236386315
TCGA.KD.A5QU.01A.11R.A27Q.07	0.0151533036369906	0	0.00222059599822316	0.143128938361065	0	0.0491270814282033	0.00314453562460864	0.0362504740292798	0.0147855287039785	0	0	0.0219340501944613	0	0.218809245806869	0.0777546149545889	0.197129066828885	0.0325496712918696	0	0.177634116494674	0	0.0103787766463023	0	0.02	0.237936254844608	0.989426871737839
TCGA.K1.A42X.02A.11R.A24X.07	0.0632750654526675	0.00358744127309452	0.0115543927119309	0.100030317879332	0	0.182714002026061	0	0.00315964455834117	0	0	0	0.0366211182692289	0.0161396249420872	0	0.0113869912227887	0.17158478961092	0.0394800187641065	0.0264344305310057	0.334032162758435	0	0	0	0.24	0.102126130275282	1.04667841782309
TCGA.DX.A240.01A.32R.A27Q.07	0.0204945264794424	0	0	0	0	0.0829912051856701	0	0.00640519869888169	0.027377663194818	0.000643696900661498	0	0.0325321010724584	0	0.45986973189967	0.00299409857306412	0.296488052647676	0	0	0.0702037253476573	0	0	0	0.02	0.216483992714646	1.04279545078864
TCGA.IE.A4EH.01A.11R.A24X.07	0.0206807115752322	0	0	0.0316806623563938	0	0.253743945699618	0	0	0.0213704214013833	0	0.000997803652563293	0.0586549854509873	0.0170670087605037	0.08145135079102	0.0505373743731401	0.306741631821259	0	0.032439822171585	0.124634281946314	0	0	0	0.26	0.0803890588385041	1.05029484906973
TCGA.DX.A1L0.01A.11R.A24X.07	0.040889975674197	0	0.00444635824307329	0.0209507316204771	0	0.191707082245603	0	0.017011149808421	0.00750111248884222	0.010507987318015	0	0.0874380568428089	0.0373313117203339	0	0.171461869109032	0.327425693358805	0	0	0.0833286715703909	0	0	0	0.08	0.148820944204855	1.03516850352044
TCGA.DX.A23U.01A.11R.A26T.07	0	0.005427439157082	0	0	0	0.112531578490374	0.0089066209777689	0.00951903752464484	0.00606779388361058	0.0227557857008443	0	0.00324723146310918	0	0.409149241861602	0.0818369004524077	0.32904308252784	0	0	0.011515287960717	0	0	0	0	0.687165294927153	0.734804122103603
TCGA.3B.A9HQ.01A.11R.A38C.07	0.0324182402289376	0	0.00100768125331419	0.0954049573942318	0	0.212304252542757	0.000131145064901014	0.00967129507208297	0.0365156538129653	0.00589273717699513	0	0.0314245277194928	0.0266508082085135	0.0201257068441029	0.0840218809064792	0.22094956829907	0.00983372742390926	0	0.213647818052247	0	0	0	0	0.36294915111419	0.932406517088908
TCGA.DX.AB2S.01A.11R.A39D.07	0.0586169844049538	0	0.0515999133230101	0.0975103558823763	0	0.182206856730756	0.0212130648156386	0.0194957641355102	0.104234287529612	0.0353866430410659	0	0.0365780800566331	0	0.10079702505877	0.109534385711428	0.124697512248841	0.00246556793004522	0	0.0556635591313604	0	0	0	0	0.384479076445541	0.923778923095444
TCGA.DX.A6BE.01A.41R.A32Q.07	0.0329826337687311	0	0	0.155793010581385	0	0.180845820333721	0.0146541396421104	0	0.0118609838399265	0	0	0.0115429112620938	0.0257159158121274	0.0387918933411885	0.130035681166643	0.321976649107573	0.00950797507876197	0	0.0629490520607294	0	0	0.00334333400500854	0	0.471145906821254	0.881842417348554
TCGA.IS.A3KA.01A.11R.A21T.07	0.00127964967425378	0	0.00800081623632891	0.54092272391256	0	0.011393037719863	0.141481468702367	0.0682055776517727	0.0113607371916156	0	0	0.0280204972465756	0	0.134350589427595	0.0244344158690696	0.0147105992191313	0.0139350346098319	0	0	0	0.00190485253903559	0	0.24	0.101000502475447	1.10092860920883
TCGA.DX.A2IZ.01A.11R.A21T.07	0.10852914091938	0	0	0	0	0.150293867869371	0	0	0	0.0650387449670778	0	0.0990769373448527	0.0408773703999138	0.269907060850245	0.0549549044163889	0.14934372935756	0	0.00817016426171793	0.0538080796134928	0	0	0	0.4	0.0396487483387992	1.07904295378407
TCGA.DX.A48O.01A.11R.A30C.07	0.012767033588906	0.00149672186603822	0	0.194990726322464	0	0.176370083449442	0	0.0215396045845593	0.0063734252444519	0	0	0.0142893542889561	0.0129295495558862	0	0.124743265250953	0.119867023442102	0.0741565453972608	0	0.24047666700898	0	0	0	0.0600000000000001	0.180424578406986	1.01661359496717
TCGA.SG.A6Z4.01A.22R.A33J.07	0.00305507101447204	0	0	0	0	0.0438362193289558	0.00622344984372574	0.0106931867902764	0.0148933735564969	0.00425356838449881	0.00904864772680656	0.000663173633538434	0	0.289705100112729	0.0339543210920905	0.475697780095883	0	0	0.107976108420527	0	0	0	0	0.643642079866509	0.770643326506265
TCGA.IW.A3M5.01A.22R.A21T.07	0.00268071264878788	0	0.000674205151521366	0.0136218649011765	0	0.0159225275780912	0.00230545229194937	0.00627467683222776	0.0551035421958939	0	0.0237135198578674	0	0	0.597209541960936	0.00630390129834527	0.263373728340274	0	0	0.0128163269429293	0	0	0	0	0.749931194652328	0.666919592611125
TCGA.DX.A3M1.01A.11R.A22K.07	0.00293068307336731	0.00242054792933928	4.46110816758934e-05	0.00127957818852093	0	0.0274408111366772	0.00410806469794309	0.00565719061697532	0.0244036500702172	0.0275647256429675	0	0.016481983329668	0	0.404757082302278	0.0625142572208434	0.395200747949836	0	0	0.0251960667596914	0	0	0	0	0.588928536222277	0.808253736789981
TCGA.DX.A48N.01A.11R.A30C.07	0.0429679297582177	0	0	0.0207214023227563	0	0.115956625414812	0	0	0.00690028605714801	0.00661892718994887	0	0.030360043209967	0.0228847707572219	0	0.0467180918628836	0.566814314621413	0	0.0317014583550419	0.105966641385352	0	0	0.00238950906523748	0.28	0.0759297980217529	1.0696730920088
TCGA.DX.AB3B.01A.11R.A41I.07	0.090451858206436	0	0.0568459422804389	0.078566213958067	0	0.161212200624074	0	0.0398624705414068	0	0.00783550436951551	0	0.0681770107764447	0	0.180108401069528	0.0122621265914618	0.113846984388004	0	0	0.190831287194624	0	0	0	0.04	0.193733588661139	1.0047576619286
TCGA.FX.A2QS.01A.11R.A21T.07	0	0	0.00159171802975855	0.0790100727135448	0	0.256440620121949	0.0278203812106021	0.0382979364291317	0.00477784776639407	0	0	0.0155125787265038	0.0649406531394077	0	0.162892326431134	0.258203813746355	0.0226629578226709	0	0.0568156515159796	0	0	0.0110334423465697	0.26	0.090104339392931	1.05789311916316
TCGA.IE.A4EI.01A.11R.A24X.07	0.00355810205884691	0	0	0	0	0.285714943039512	0	0	0.0246367382314207	0	0.0166737628045521	0.0435352866390892	0.00975080681353514	0.133753457901443	0	0.253406715983025	0.00167890199002843	0	0.227291284538548	0	0	0	0.22	0.112395136048156	1.04334643332383
TCGA.DX.A8BK.01A.11R.A37L.07	0	0.0151600921655202	0	0.192726226601499	0	0	0.0400210096223589	0	0.0223506291724758	0	0	0.042521813531894	0.0391167866426155	0.0166290144652498	0.0440701699290334	0.497264883106255	0.00147839321021791	0	0.0868647652082263	0	0	0.00179621634465467	0	0.576408725377151	0.826804124445568
TCGA.3B.A9HT.01A.11R.A39D.07	0.0188094936891485	0	0.0200320779036148	0.194190786154544	0	0.119251858143895	0.0469965650250444	0.0749791883066113	0.0134795793202078	0	0	0.0296166839249389	0.0196603999730315	0.0918705532680822	0.0820073805593452	0.219853065220438	0.0146781841163674	0	0.0463350481215774	0	0.0011809405828788	0.00705819569027518	0.02	0.213001779454895	0.998739556009355
TCGA.3B.A9HJ.01A.11R.A38C.07	0.140912112163803	0.035235626534687	0.142747712470242	0.138165788709633	0	0.109775766349089	0.0161141797493889	0.0506568078576542	0.0730956179174247	0	0	0.0214258324458163	0	0.0805693433272906	0.0192849664790059	0.0897594143484533	0	0	0.0739296955701582	0	0	0.00832713607735307	0	0.495455805878783	0.868083704326573
TCGA.DX.A6YQ.01A.12R.A33J.07	0	0	0.000742752077896455	0.203523188830799	0	0.132261591038852	0.0308948292261688	0.00647266594608914	0.00372214037897523	0	0.0175452173730204	0	0.0115807581904556	0.0404051219735481	0.209957612783356	0.256325371941482	0	0.0466840434774262	0.0398847067619308	0	0	0	0	0.457440109618317	0.889858597503903
TCGA.DX.A6BH.01A.12R.A30C.07	0.00746334816246175	0	0	0.0438632807297142	0	0.241568968993707	0.00461354205289878	0	0.0236017689951402	0.0331754271386062	0	0.00105016740198204	0	0.21899590511835	0.0600701844748664	0.251786928048731	0	0	0.113810478883543	0	0	0	0	0.323054358823273	0.953488714609579
TCGA.IS.A3K6.01A.11R.A21T.07	0	0	0.0104385218189485	0.369848244988918	0	0.0997106834434731	0.0701486667628018	0.0692996159226834	0.0810801440424052	0	0	0.0378543913708385	0.00446639251099343	0.0640358560814222	0.0541271759896026	0.132298786138462	0	0	0.0066915209294515	0	0	0	0.02	0.24853790171523	1.00732517476211
TCGA.DX.A8BT.01A.11R.A37L.07	0.0173983216285584	0	0.0510304765141152	0.0371392870392775	0	0.135222208061449	0	0	0.0301771800296651	0.0465774787920325	0	0.0230413427302563	0.011525575374918	0.14503453204031	0.0479025296677658	0.413796714477822	0	0.0040167735807042	0.0371375800631267	0	0	0	0	0.462270026228261	0.886256409090337
TCGA.DX.A48L.01A.11R.A30C.07	0	0	0	0.0539590654224401	0	0.196934387203499	0	0	0.00461748406505699	0	0.0245978995553172	0.00863214116116777	0.050051237000627	0	0.148620159363667	0.329373968297408	0.101349415065075	0	0.0818642428657413	0	0	0	0.3	0.0619700823309183	1.06531301070693
TCGA.WK.A8XO.01A.11R.A37L.07	0.00204144224293945	0	0	0.084330748574616	0	0.1243431028922	0.0209205304559625	0.00643533929227951	0.012107522605406	0	0	0.0105277369381676	0.0244775051882649	0.105908901384439	0.0408104341277675	0.305086042717252	0	0	0.228156125764993	0	0.0348545678157129	0	0	0.489291468652801	0.874822400973031
TCGA.DX.A6YT.01A.21R.A355.07	0.0485372435470264	0	0	0.0397022684867812	0	0.129594865572247	0	0	0.0340036477021885	0	0	0.0938446850844038	0.0384980280047024	0	0.0609782533396309	0.412218449600515	0.0135720455227773	0	0.129050513139727	0	0	0	0.24	0.10346760114442	1.04380820094483
TCGA.UE.A6QU.01A.12R.A32Q.07	0.0136636591842864	0	0.000244948204819291	0.383431530891786	0	0.0215827745514788	0.0072619421941556	0.0632161508753537	0.0436955500643895	0.000529282006011308	0	0.0299150443376702	0	0.119655034015139	0.133468799528799	0.170232666610925	0.00390255902249606	0	0.00920005851268952	0	0	0	0	0.517532009818013	0.854990319999885
TCGA.PC.A5DM.01A.11R.A27Q.07	0	0	0.0021071532070634	0.0124170567417771	0	0.233912907116338	0.0203965341621268	0	0	0	0.0250535853562613	0.00165460614371212	0.0670006061390069	0.206365599961372	0.00412789633519882	0.406681043781521	0	0	0.0202830110556214	0	0	0	0.02	0.269719083342199	0.986948663870523
TCGA.VT.A80J.01A.11R.A36F.07	0.009358531459283	0	0.0165582760084367	0.176743739766381	0	0.0606302674114609	0.0553355785687365	0.0240280112022165	0.00811990245385156	0	0	0.0118542716013766	0.0219992189420119	0.153173269427942	0.0676231119998912	0.321709081753884	0.0326593403548183	0	0.0399224610002091	0	0	0.000284938049500444	0	0.623172333104962	0.804671408789846
TCGA.Z4.A9VC.01A.11R.A37L.07	0.103247360540378	0	0.0182254871643725	0.0171128980438182	0	0.0909367489146862	0.00780075312673417	0	0	0	0.0345059576196379	0.0139973180358717	0.0106689972962139	0.0161671365672595	0.0385825768810549	0.561550767978959	0	0	0.087203997831014	0	0	0	0.0600000000000001	0.176227850884111	1.02415652933058
TCGA.DX.A2J0.01A.11R.A21T.07	0.236090172810902	0	0.164143372456138	0.0596999029716073	0	0.113152551283568	0.00178855765369526	0	0.00975713564006913	0.0101493322774291	0	0.0519580013184172	0.00050411014758571	0	0.0220042647512876	0.228208161583536	0.00199024445913968	0	0.0974802805496101	0	0	0.003073912097014	0	0.481781852499355	0.875689681577998
TCGA.DX.AB35.01A.21R.A41I.07	0.0127977881078685	0	0	0.0704773565742619	0	0.150255917108653	0	0.00280059395366809	0.0185369902533207	0	0	0.109867395566049	0.00235214465576989	0.0718439312775045	0.127629947640721	0.422959817651194	0	0	0	0.00686044173795625	0	0.00361767547303281	0.04	0.192743694960118	1.02450235019523
TCGA.DX.A2J1.01A.11R.A21T.07	0.0152568096118845	0.00357327746307708	0	0.0706296656238324	0	0.165633368572983	0.018500059586025	0	0.0242775059128417	0	0	0.0147800256955419	0.081471068761173	0	0.0228709923486745	0.486903244456083	0.000694293994691206	0	0.0901656394951445	0	0	0.00524404847804871	0	0.504046256126787	0.865969092450028
TCGA.RN.A68Q.01A.11R.A30C.07	0.0342514461914202	0	0.000367582603783991	0.055745173992616	0	0.124208743590641	0	0.0286454265030222	0	0.0173971918402177	0	0.0420453739725771	0.328838714947948	0	0.0621726118177296	0.272953639883086	0	0.000659446844584518	0	0.00499844603410512	0.0277162017782685	0	0.02	0.26892438508285	0.979028983969153
TCGA.DX.A1L1.01A.11R.A24X.07	0.0508660818628567	0	0.0241064017989806	0.161021207341618	0	0.0700273199236244	0.0291253870850684	0.0181668285224558	0.0281442001469324	0.0220164091861068	0	0.0014066101693187	0.0368190266469438	0	0.138684519794614	0.343680277831577	0	0	0.0759357296899035	0	0	0	0	0.290032592246106	0.965948216885156
TCGA.DX.AB37.01A.11R.A41I.07	0	0	0.0464218276114747	0.163359850779589	0	0.107999625078338	0.011113971335936	0.0129354896664187	0.0495543507338348	0.00790737624312058	0	0.034238163856429	0.0753732637345012	0	0.0370664138507339	0.417945395745373	0.000567428719022229	0	0.0355168426452289	0	0	0	0.18	0.125566575424235	1.03658988045756
TCGA.DX.A7EI.01A.11R.A33J.07	0.0735650842287217	0	0	0.182071757726071	0	0.258377188882946	0	0.109902520406961	0.0464661379993478	0	0	0.0328724274233306	0.00796592400019221	0.0710937060464411	0.0767163230059414	0.107883812745397	0	0	0.0330851175346494	0	0	0	0.3	0.0620668605779778	1.08659806636398
TCGA.RN.AAAQ.01A.21R.A39D.07	0	0.00213801419398501	0	0.00368815823703026	0	0.133068056623394	0	0	0.000383915146691998	0	0.0119915290830404	0.0279370009828666	0.270361357629691	0.0601871102594493	0	0.446886315608471	0	0.0251289751954893	0.016501667689679	0	0.00172789935021203	0	0	0.375473497328525	0.934045190630438
TCGA.3B.A9HL.01A.11R.A38C.07	0.00697327184486964	0	0.00417245494871414	0.0333783839626833	0	0.193660693690175	0.00031586688337647	0	0.00321700276489328	0.0106671193196453	0	0.0422329926207469	0.0693966445374238	0	0.0419657099214777	0.558720795093977	0	0	0.00632556830790337	0	0.0257570506461456	0.00321644545796806	0.02	0.231678509609377	1.00263403361904
TCGA.DX.A3UD.01A.11R.A30C.07	0	0	0.0112006921390409	0.0754526995851176	0	0.200838325347149	0.0235151018615816	0.0082285650035156	0.0599379691245477	0.0320344544279635	0	0.0082468452990516	0.0034114125501262	0.026623978837893	0.0877224895217207	0.264485525620972	0.0566825346233949	0	0.141619406057926	0	0	0	0.04	0.189775998195133	1.0045054986805
TCGA.DX.A8BG.01A.12R.A41I.07	0.00805770312622422	0	0.00127862614435897	0.426287216532666	0	0	0.0337633947731407	0.00449753576154892	0.0430951107276734	0.0415303938877744	0	0	0.0644192082726573	0.0332903323538826	0.141549956793816	0.192280932614296	0	0	0.00994958901196178	0	0	0	0	0.390832362261917	0.926773034342157
TCGA.PT.A8TR.01A.11R.A37L.07	0.10052943230179	0	0	0.0741200914303655	0	0.124648780026484	0	0	0.042064774304454	0	0	0.076972463098204	0.0578533551287608	0.0303375820617544	0	0.431989970143382	0	0.0232158876108099	0.038267663893995	0	0	0	0.76	-0.0149995819168861	1.09511651324635
TCGA.DX.A7EU.01A.22R.A36F.07	0.0165910992590332	0	0.00500991671715431	0.089926284266745	0	0.0891815924828195	0.00374137312029263	0.00188683546876805	0.00803029469231572	0	0	0.0157664957263877	0.0690930706281007	0	0.0915315678655157	0.540215586121941	0	0	0.069025883650927	0	0	0	0	0.352081168335911	0.942595068207074
TCGA.K1.A6RT.01A.32R.A33J.07	0.0637531373230907	0.0957066774231401	0.0112586034227584	0.237579332689624	0	0.159332077698234	0.00806582808620144	0.0488121818775581	0.0666849767950193	0.0284447954947033	0	0.0158011141292763	0.0284674610729222	0.0305806545026326	0.0813687254998219	0.0909004697598385	0.000889926580249959	0	0.0323540376449295	0	0	0	0	0.504024837009751	0.863198974091297
TCGA.HS.A5N9.01A.11R.A26T.07	0.0101869702940019	0	0.0026011597475192	0	0	0.222382774566101	0	0.0092168572511431	0.059132658551424	0	0.0225171823023618	0	0	0.476500993834662	0	0.158693913722276	0	0	0.0376335663485538	0	0.00113392338195732	0	0.02	0.248250554046509	1.01578262946703
TCGA.VT.A80G.01A.11R.A36F.07	0	0	0.00285201455881032	0.170175005091525	0	0.0943851246588062	0.0361342228310325	0.0370480731755494	0.0118750409110138	0.00567854185781895	0	0.0305569310075972	0.101360308888047	0	0.0866673900394728	0.300454075704271	0	0	0.122813271276056	0	0	0	0.18	0.129569172466549	1.02967356154842
TCGA.DX.A6Z2.01A.12R.A36F.07	0.0167490428216132	0	0.000622053187823996	0.14500354686238	0	0.242049263438898	0.0016868073017469	0	0.0187381738001458	0.036463889090582	0	0.0403388816258071	0.0658415463987615	0.0383995080769989	0.0899333248987781	0.147794502571643	0.0193392107880717	0	0.13704024913675	0	0	0	0	0.396409896331017	0.917802159020665
TCGA.QQ.A5VB.01A.11R.A36F.07	0.00649061740286084	0	0.0062017132995031	0.176784097117236	0	0.162116122338763	0.030600942514119	0.060359776901223	0.0193287440750404	0.00659944959146372	0	0.0165202241469845	0	0.0608029684920137	0.107745939144281	0.297983516406966	0.0137311984646595	0	0	0.0247654178841774	0.00458827674335889	0.00538099547735017	0	0.436638351375456	0.898941649025655
TCGA.Z4.A8JB.01A.23R.A37L.07	0.0441458048240781	0	0.00155118052754233	0.0892816402487381	0	0.132358834718257	0.0142443979234772	0.0337525075986022	0	0	0	0.021592806039074	0	0.0852554340701222	0.0656820610471054	0.245989234497995	0.0208407828156311	0	0.245305315689377	0	0	0	0.08	0.154853579566115	1.01932331560555
TCGA.3B.A9I3.01A.11R.A39D.07	0.0961073767342088	0	0.0549780623568931	0.207728353834512	0	0.282031632744844	0	0	0	0	0	0.0441097170259704	0.0271200184384284	0.0424465530342679	0.0305359219622387	0.107454996070558	0.016824944669724	0	0.0843873789044708	0	0	0.00627504422388365	0.02	0.235977437674244	0.994447511698424
TCGA.DX.A7ES.01A.31R.A39D.07	0.0864844622934986	0	0.161801547309948	0.137496230178252	0	0.0599638460110698	0.0213033845225398	0.0190329533582924	0.0180155157865689	0.0125738339180977	0	0.0236660854996954	0.0479539843508132	0	0.0564346599845734	0.293623886227717	0	0	0.0582883274335785	0	0	0.00336128312535534	0	0.406535748052761	0.913259449797389
TCGA.DX.A7EN.01A.11R.A39D.07	0	0	0	0.00604554210976136	0	0.174249249677917	0	0	0.0223705122379543	0	0	0.0682426598556315	0.0184548997003458	0	0.0554626363308363	0.403005562083048	0.0114740915861753	0.0482065585725223	0.192488287845808	0	0	0	0.46	0.0229262419119261	1.07734254902603
TCGA.DX.A8BZ.01A.11R.A37L.07	0	0.012174264305844	0	0.0284156519742408	0	0.00468633709570978	0.00121888321594478	0.00568378373339117	0.00299936226734173	0	0	0.0136429222871653	0	0.332261367447024	0.000107407133938989	0.536970191064145	0	0	0.0618398294752548	0	0	0	0	0.735606593372383	0.689106568516277
TCGA.IF.A3RQ.01A.11R.A22K.07	0	0	0	0	0	0.165912961102002	0	0	0.00991307629477243	0.0432616438771759	0	0.0623013020655562	0.111060726841525	0	0.0130763531367842	0.527800170191233	0	0	0.0666737664909519	0	0	0	0.08	0.162642336165293	1.03218386839134
TCGA.DX.A3U9.01A.11R.A30C.07	0.0059616235112987	0	0	0.0465569301890598	0	0.174237332485789	0	0.0184718760090755	0.00994847036648158	0	0.00736713994208355	0.0722985668521706	0.0124729525259107	0.175748871289581	0.0257835837888959	0.176709080849218	0	0	0.274443572190436	0	0	0	0.46	0.0233961355078716	1.0818528277007
TCGA.SI.A71O.01A.12R.A33J.07	0	0.00108392695140781	0	0.0826740924269281	0	0.0864446360836993	0	0.0221925009881462	0.0253672704792546	0.00658601557392532	0	0.0121007428440384	0	0.366753102253857	0.0498140684712087	0.214079906150913	0	0	0.132903737776622	0	0	0	0	0.365800102201474	0.939719312067533
TCGA.DX.AB2P.01A.11R.A38C.07	0.026312738807609	0	0.00383580060445474	0.0443391652868084	0	0.0265552969010285	0.0217217244660035	0.0175988553760064	0.0101967142824891	0.00703184331234059	0	0	0	0.332768374529728	0.00698286337973625	0.423233319366593	0	0	0.0786018783325142	0	0	0.000821425354688418	0	0.696271165308732	0.73320419833588
TCGA.DX.AB36.01A.11R.A41I.07	0.00777237306064694	0	0	0.0350706270989308	0	0.227356941905403	0	0	0.010686235935051	0	0.00354783926843096	0.0314344012156097	0.013146107080057	0.262002910604589	0.0205973496494829	0.378651870400837	0	0	0	0.00973334378096187	0	0	0.16	0.134176473469026	1.05807546012823
TCGA.HB.A2OT.01A.11R.A21T.07	0	0.000727076313037813	0	0.00069728072735509	0	0.00221734385122729	0.0241152016763727	0	0	0.000964877637023801	0	0	0	0.654689979374944	0.00101190354279027	0.247959638176948	0	0	0	0.066652179701425	0	0.000964518998876441	0	0.797391973525805	0.608572905167231
TCGA.WP.A9GB.01A.11R.A37L.07	0	0.00760537867401742	0	0	0	0.389658294883705	0	0.0318099174849855	0	0	0	0.13860035616315	0.0556010417745863	0.0610665629786575	0.0321458847129911	0.141462749760043	0	0	0.142049813567864	0	0	0	0.44	0.0271640043620939	1.08598555521151
TCGA.DX.AB2T.01A.11R.A38C.07	0.00250186534400841	0	0	0.220442782133693	0	0.122390365972536	0.0078299756930811	0.0345490517730159	0.0326795921811526	0.0193783316972202	0	0.0175116101834176	0.0311854552866503	0	0.100309292664107	0.253508486282025	0.0745868325318856	0	0.0831263582572071	0	0	0	0	0.526760221180678	0.854727579558405
TCGA.DX.A3LT.01A.12R.A21T.07	0.0197952192306889	0	0.000544324344311109	0.0732777826453269	0	0.109259852932499	0	0.0144362523117927	0.0109539837999374	0.00381880253431373	0	0.0117108943968175	0	0.115916968915428	0.0452457443936184	0.360898510837849	0	0	0.234141663657417	0	0	0	0	0.520631671407628	0.857569415321872
TCGA.DX.A6YV.01A.12R.A355.07	0.0518941339744747	0	0	0.035413517996852	0	0.161175937831838	0	0.00990080327552564	0.0599491134871653	0	0.0185708258325988	0.0436033189480361	0.0350482674402591	0.342095105699991	0.012772910359865	0.226491947794677	0	0.00186487235021031	0	0.00121924500850748	0	0	0.22	0.110195345162512	1.06484269497013
TCGA.DX.A8BX.01A.11R.A37L.07	0	0	0	0.0111014439974892	0	0.0601088207775859	0	0	0.00605746134702598	0	0	0.0169389699511288	0.208385025325497	0	0.0626687929278924	0.606314061437744	0	0	0.028425424235637	0	0	0	0	0.40239408448646	0.924900606651785
TCGA.FX.A3RE.01A.11R.A22K.07	0.025969485415289	0	0	0.0170796291018681	0	0.026319527892087	0	0.0598900100741366	0	0.0095126783905311	0	0.0519588419744057	0	0.437875091716478	0.0314847430720313	0.329296151184548	0	0	0.010613841178625	0	0	0	0.02	0.239970565258018	1.03004715272008
TCGA.WK.A8XT.01A.11R.A37L.07	0.0589175064417368	0.11664153127498	0	0.0167792247486597	0	0.0972667941417374	0	0	0.115025104662641	0	0.0163864647766601	0.00846103735467748	0	0.3350526307121	0.00268897543082648	0.178353541497057	0	0	0.0544271889589252	0	0	0	0.96	-0.0352559572733958	1.11958103412899
TCGA.DX.A6YU.01A.12R.A33J.07	0.000149757927369343	0	0	0.276662655883299	0	0.0100700653827304	0.0289739031277474	0.0232222482270828	0.0190129833440047	0.0599538952590533	0	0	0.0304826475703167	0	0.109584764742043	0.426881358221703	0.00147239386155699	0	0.0135333264530924	0	0	0	0	0.527493119988408	0.850506189936263
TCGA.QQ.A8VD.01A.42R.A39D.07	0.00391022197878243	0.00291079163055203	0.00664362950181999	0.0560426350524465	0	0.160941091598281	0	0.0178156441288085	0.000868874185752323	0	0.0101197009888644	0.0652099633256276	0.0242131203634469	0.318010017094295	0.0162370525838323	0.179444555554218	0	0	0.137632702013272	0	0	0	0.0600000000000001	0.170454008745156	1.02775115971897
TCGA.MJ.A68J.01A.11R.A30C.07	0.00368932578577889	0.000333716388350692	0	0.0278143241746891	0	0.102929255408477	0	0.0188681043414319	0.0266828779174859	0	0	0.0333421263820784	0.00510144212180605	0	0.0310102824624845	0.252544280142028	0.165289241786541	0.00804241306170472	0.324352610027144	0	0	0	0	0.382669650500285	0.925204208830925
