B cells naive	B cells memory	Plasma cells	T cells CD8	T cells CD4 naive	T cells CD4 memory resting	T cells CD4 memory activated	T cells follicular helper	T cells regulatory (Tregs)	T cells gamma delta	NK cells resting	NK cells activated	Monocytes	Macrophages M0	Macrophages M1	Macrophages M2	Dendritic cells resting	Dendritic cells activated	Mast cells resting	Mast cells activated	Eosinophils	Neutrophils	P-value	Correlation	RMSE
TCGA.4V.A9QT.01A.11R.A42C.07	0	0	0.0127268158800185	0.411067318305188	0.0586252389620041	0.105956403037675	0.0306400061447886	0.0717443217883394	0.171371392651447	0	0	0	0.00232042817179415	0	0.0143965835686744	0.0200050119181309	0.0901114037677648	0	0	0.0029614330468974	0	0.0080736427572783	0	0.468848930058952	0.893861444895758
TCGA.XU.AAXW.01A.11R.A42C.07	0.0176174495841277	0.00366719464737546	0.0105599703004796	0.277812727078254	0.064570767838785	0.193169586460227	0.0154374482878738	0.0996511409595951	0.130019973125306	0	0	0.0234295581040999	0.00259155525720502	0	0.0308054880867296	0.00417999483084595	0.119688383952465	0	0	0	0	0.00679876148663043	0	0.374481723431414	0.94865157308097
TCGA.ZT.A8OM.01A.11R.A42S.07	0	0.0457652905305047	0.0145824242708692	0.384884958936286	0.101004486552866	0	0	0.0825725447313257	0.102695676723015	0	0	0.00650331918113264	0.0312931363341448	0.0432630194881709	0.0149223548971159	0	0.167732417840831	0	0.00425189841696354	0.000528472096773768	0	0	0	0.458344694722303	0.890473686395001
TCGA.ZC.AAA7.01A.11R.A42S.07	0.00507879344356687	0	0.0033086857027196	0.4820008882652	0	0	0.0631631049994209	0.0805855660433652	0.0781033676101471	0.0212167491908043	0	0.0288088978246078	0.0171125893133266	0.0102542850981213	0.0998750080269483	0.0693798785999281	0	0.0276149406867992	0	0.00101258622997781	0	0.0124846589650673	0	0.317640187355838	0.981691292699269
TCGA.XU.A932.01A.11R.A42C.07	0.0147712830266349	0.0197409974831323	0.00293989188223338	0.405661061127407	0.0862563828127308	0	0.0147799441550422	0.0757247964189331	0.118957926357245	0	0	0.0215422812268106	0	0.0355236938467956	0.0183360476211167	0.0337273727606871	0.143176832364501	0	0	0.00190808993701473	0	0.00695339897971595	0	0.500695640211734	0.865841794056026
TCGA.XM.A8R8.01A.11R.A42C.07	0.0507623235762692	0.107064472166279	0.116605931027521	0.317572856140375	0	0.0653189142918072	0.0766914990563844	0.025958892398878	0.0613804512661005	0.0128876063914668	0	0	0	0.0364211462794668	0.0340775115323333	0.071404009179709	0	0.00249150535273976	0	0.0202908559390555	0.00107202540161446	0	0	0.500833945810976	0.864723416517214
TCGA.XU.A930.01A.11R.A42C.07	0.0571944848148651	0	0.0130221794307509	0.497617650686295	0	0.0679418323112856	0.0122335876930134	0.0613484451809918	0.0326544756989594	0.00706440050457986	0	0.0207364164794245	0	0.0239005072779391	0.0390959376542443	0.0204653550837247	0.137345916770801	0	0	0.00937881041312607	0	0	0	0.368133930172659	0.94667657544036
TCGA.X7.A8DD.01A.11R.A42C.07	0	0.0147648411735948	0.00974569018552996	0.408673631898979	0.0732100739519139	0.0907816662693634	0.0112269706060887	0.0406237023442946	0.160527047407391	0	0	0.0181770574288188	0.0241449137323874	0.00923886381459318	0.0125480711990144	0	0.121297834044822	0	0.00503963594320889	0	0	0	0	0.502845449410634	0.867800325199803
TCGA.3G.AB19.01A.21R.A42C.07	0.011069428112293	0	0	0.378779862290957	0	0.131753981658652	0.00299566256808043	0.0285762114077248	0.0697464070347403	0	0	0.053552932732006	0.00693787846992106	0.0417587763377421	0.0649540258319785	0.0726447675480606	0.075502976254267	0	0.0617270897535771	0	0	0	0.02	0.222069882043158	1.01697895423506
TCGA.YT.A95F.01A.11R.A42C.07	0	0.0265210796302397	0	0.234116794764547	0.387660618993006	0.106538617947638	0.00408180744767809	0.0556355123748514	0.0196120681265142	0	0	0.0113745166060648	0.0218953474392131	0	0.00562621259157332	0	0.125180605410825	0	0.00175681866784843	0	0	0	0	0.378329160855843	0.95175655322687
TCGA.3G.AB0Q.01A.11R.A42C.07	0.0094921327930197	0.0137124699319702	0	0.255594968533105	0	0.209479607837541	0	0.0111396694992399	0.0114552274356067	0	0	0.0430478213424847	0.0473671407418111	0.0728092776986638	0.0163938093448656	0.188374381453601	0.0614349727846334	0	0.0596985206034584	0	0	0	0.02	0.282544643233536	0.97253626549603
TCGA.XM.A8RI.01A.12R.A42C.07	0.0684775823975527	0	0.0247945129897847	0.251589250063422	0	0.213881068275474	0.00857794340930661	0.213372995503226	0.0447967571502081	0	0	0.0189552698248052	0.00757329285253091	8.17051257696131e-05	0.0204565009729385	0.00612125484910829	0.113508789201966	0	0.00781307738390705	0	0	0	0.0600000000000001	0.153727847142979	1.06743580928657
TCGA.YT.A95E.01A.11R.A42C.07	0	0.0114718038792825	0.00741083409528818	0.29132905048486	0.249821989634208	0.111324374062356	0.0237240489846057	0.0440017981142026	0.0769146500624082	0	0	0.0168675666104485	0.0188223705589731	0	0.0187804091165866	0	0.124591140594415	0	0.00493996380236509	0	0	0	0	0.513091361339443	0.86057813883739
TCGA.X7.A8D8.01A.11R.A42C.07	0.00889956351481145	0	0	0.401406055161916	0.107533099289708	0.0218072947820748	0.00897464806088788	0.0762801605529466	0.0827866641897891	0	0	0.0194733605338755	0.0271724885440289	0.0119432431410364	0.0264957214513949	0	0.185271128579468	0	0.0219565721980626	0	0	0	0	0.427010105218525	0.910514387709498
TCGA.X7.A8M8.01A.11R.A42C.07	0	0.0143464981998556	0.00239288089218513	0.24918769732726	0.252739987139943	0.141617509413328	0.00133106674926722	0.120234791043107	0.0827853596055489	0	0.00792763979193018	0.018340990994324	0.0263519652155349	0.00393643695382948	0.00610593645007705	0.00103954683151951	0.0620186677645051	0	0.0096430256277849	0	0	0	0	0.483630766018775	0.886118497083278
TCGA.XM.A8RE.01A.11R.A42C.07	0.0134682536013077	0	0.00469076689768884	0.41246986794227	0.0611275100148375	0.124728437872157	0.0144112788494727	0.0565718769174083	0.140989873637504	0	0	0.00865505663344055	0.0261445598701915	0	0.0201123713304394	0.00277331773820377	0.106390091058347	0	0	0	0	0.00746673763673158	0	0.481176835463924	0.883652725854996
TCGA.XU.A92W.01A.11R.A42C.07	0	0	0.00547341948963456	0.381290005387649	0.0799598806972605	0.144258238359225	0.00626258637795751	0.104397913630602	0.128594347436832	0	0.0022517669376148	0	0	0.0034617277344705	0.0107043337940352	0	0.0878863623404443	0	0	0.0375754279679623	0	0.00788398984631299	0	0.382514271573679	0.952223574219333
TCGA.XM.A8RG.01A.11R.A42C.07	0.007645903106003	0	0	0.247936006750378	0	0.20201010695071	0	0.0648496701516525	0.0438446564511492	0	0	0.064359571099726	0.0102919204635197	0.0338191188587739	0.0896271737130863	0.0407129363944427	0.105440789367126	0	0.0894621466934326	0	0	0	0.0600000000000001	0.153433507991504	1.04176539628212
TCGA.4V.A9QU.01A.11R.A42C.07	0	0.0264872407384045	0.0123796700719892	0.313906142847496	0.198558256980828	0.0463471569781422	0	0.0546855408883149	0.104656458629221	0	0	0.0572474209271137	0.0180661457526615	0	0.00904260451323279	0.011623141940403	0.0988677501737266	0	0.0410897159100404	0	0	0.00704275364842688	0	0.451388407711233	0.898380525970577
TCGA.ZB.A96L.01A.11R.A42S.07	0	0	0.00200585959816817	0.343920045419908	0	0.0961907446218914	0	0.050663654351843	0.100227240798734	0	0	0.0485026923358608	0.0233913344264305	0	0.0394282772058089	0.0478086620362712	0.220316912325891	0	0.0275445768791935	0	0	0	0.02	0.22291420828691	1.01231024824646
TCGA.X7.A8M1.01A.11R.A42C.07	0.00472116917501201	0.0299997755012647	0	0.305130719662197	0.110535795713246	0.150460512005737	0	0.083470078720381	0.0527825096846794	0	0	0.0216876047087834	0.0213377852670904	0	0.0394745438756335	0	0.160621128005943	0	0.0197783776800312	0	0	0	0	0.406516899231625	0.922665771917709
TCGA.4V.A9QJ.01A.11R.A42C.07	0.00573417583265737	0	0.0146172843071038	0.40631258687196	0	0.0621464545143574	0.0157695212101257	0.147128145665022	0.138726351867958	0	0	0.00659453792203507	0.0166534697130529	0	0.0532581302816899	0	0.130302572954975	0	0	0.00275676885906266	0	0	0	0.327184581434928	0.97654269586342
TCGA.ZB.A964.01A.11R.A42S.07	0.00544651587967373	0	0	0.119677402033222	0	0.134625970102353	0	0.00300360458180699	0	0	0	0.130407153705852	0.116571794746947	0.00815015940073074	0.0221687277566378	0.244931776688744	0.0159553748117831	0.010606289845701	0.18845523044655	0	0	0	0.48	0.0201725275644978	1.07819261519688
TCGA.YT.A95G.01A.11R.A42S.07	0.0145870827647655	0.00288431284141521	0.00995154256474751	0.319226116821625	0.183905288771603	0.128803270186938	0.0246620325625508	0.103633455444643	0.0252759930236588	0	0	0	0.0269192969343314	0	0.0105463178792788	0.00340385665783364	0.139807614645741	0	0	0.00639381890086783	0	0	0	0.459970576108015	0.894282541511772
TCGA.ZC.AAAF.01A.11R.A42S.07	0	0.021356081811046	0.00864515312430971	0.340618522298957	0.190610857761982	0.0809442273624579	0.0122223502804833	0.0846642001182889	0.0897726118415332	0	0	0.0107847450967185	0.0230475345077736	0.0155076608609229	0.0100059634907226	0.00236570443146405	0.10708635380858	0	0	0.00236803320476025	0	0	0	0.483635042485325	0.880820858213052
TCGA.5G.A9ZZ.01A.31R.A42C.07	0.375680248707975	0	0.109901234209457	0.116405290373712	0	0.0640009785821254	0.0293383424921452	0.0454050448915599	0.0461882284890846	0	0	0.033563056714873	0.0104492628503573	0.0279280371706819	0.0378815372615273	0.0172508595737865	0.0224625150912464	0.0273883097491927	0	0.0324522682652352	0.00370478557704079	0	0	0.579002486849534	0.814671634433243
TCGA.X7.A8M6.01A.11R.A42C.07	0.0293293681643	0	0.0192144367878749	0.452845175153433	0.0161175860661628	0.0801491281031477	0.0698834315453906	0.039668439491596	0.102586345649833	0	0	0.00622100398709037	0.0283821896924003	0.0118284031567752	0.0124094647646122	0.00441512229730353	0.109169611022646	0	0.0177802941174353	0	0	0	0	0.364940795174662	0.949159259034944
TCGA.XM.A8RD.01A.11R.A42C.07	0.0248061889610239	0	0.00617333600207273	0.49256485613593	0	0.0515303139282272	0.0249319866064988	0.0997222642284746	0.0989671820640071	0	0	0	0	0.000845058220050232	0.0540398853159105	0	0.122610504192266	0	0	0.0238084243455396	0	0	0.02	0.19981775732028	1.05009521252911
TCGA.YT.A95H.01A.11R.A42S.07	0	0.0197504740107335	0.00146768547994789	0.353769528065976	0.172436628158146	0.0623483160048928	0	0.0542420015770427	0.130585625049104	0	0	0.0517835154974581	0.0182456712777619	0.00149434919840796	0.00877490739805317	0	0.117734792723041	0	0	0	0	0.00736650555943504	0	0.450917960257011	0.903843557158996
TCGA.4X.A9FA.01A.11R.A42C.07	0	0.0166822123468643	0.00388886935162434	0.412890574961104	0	0.0540548865963697	0	0.0779835047720937	0.0778794410290849	0	0	0.0564608806443039	0.0152847578526479	0.00733316708171969	0.0587103398994526	0.0702925125735774	0.0835905280614719	0	0.0649483248296858	0	0	0	0.08	0.134100781973399	1.06357738643205
TCGA.XH.A853.01A.11R.A42C.07	0	0	0	0.409842529741964	0.179277584037856	0.0625110362087472	0.000342364395151591	0.0274694124075347	0.0969059424256843	0	0	0.0177939952632086	0.0295807004354168	0	0.0327236123728118	0.00324109256940657	0.124820827115887	0	0	0.0115855914445876	0	0.00390531158174492	0	0.459607097704713	0.896510007132285
TCGA.X7.A8DE.01A.11R.A42C.07	0	0.00737966319629168	0.0118246264177522	0.278360191025092	0.168167175855654	0.130003745144888	0.0112411335065139	0.0732653739691866	0.103497329391236	0	0	0.0309558804163702	0.0239587925917424	0.0159240525285168	0.0255560728295573	0.0120315447207565	0.0841754690577969	0	0.0236589493486448	0	0	0	0	0.461463959089715	0.892868475493245
TCGA.X7.A8M3.01A.11R.A42C.07	0	0.0514997976376923	0.00387648253208662	0	0	0.200744477060803	0	0.084698470768205	0.0227119448244344	0.0746813792542922	0	0.0269861335210522	0.00106558285322992	0.0551632005916026	0.121039197862236	0.299337532365637	0.0362367720813263	0	0.0177454558977845	0	0.00421357274961808	0	0.02	0.197581300264257	1.00815558074903
TCGA.XM.AAZ3.01A.11R.A42C.07	0.0148248507196832	0	0	0.362362512144407	0	0.127370487818204	0	0.0230324171058188	0.0396105109753068	0	0	0.0496337941193598	0.0180623847489149	0.0857211328603011	0.101667479934125	0.0210395495322995	0.0653534969779727	0	0.0913213830636075	0	0	0	0.0600000000000001	0.156745064402812	1.04393034238408
TCGA.X7.A8DG.01A.11R.A42C.07	0.00224111025531731	0	0.02808492342086	0.42233814198529	0.0219873000319125	0.095809669963758	0.0453203554744971	0.0639818839258999	0.157205234965183	0	0.00672767242509991	0	0.0147119519013884	0.00595261618120773	0.0325025920766399	0.0223406670229275	0.0761202674336957	0	0	0.00467561293632313	0	0	0	0.494614181777049	0.87292828277558
TCGA.4V.A9QX.01A.11R.A42C.07	0	0.0205155061063179	0.00746789897970112	0.286031491650502	0.191402798343332	0.0792659796263931	0	0.0529898203116846	0.152599632164952	0	0	0.0586371310343722	0.0138222077257839	0	0.0123080132334379	0	0.107131814385947	0	0.0103529602120501	0	0	0.00747474622552576	0	0.424716186161921	0.919351339926173
TCGA.XM.A8RF.01A.11R.A42C.07	0.0223642161404532	0	0	0.33721062024424	0	0.180066490964192	0.0185003989756828	0.0568139966316884	0.0518322923486159	0	0	0.00916135560273283	0.00885549977096402	0.0234796569885989	0.0451927174278108	0	0.226307288078536	0	0.0202154668264855	0	0	0	0.1	0.11742668208154	1.06570560998201
TCGA.XM.A8RL.01A.11R.A42C.07	0	0.0072541906302273	0.0285876966788676	0.369022993006438	0.073130676305082	0.155857586993143	0.0130287962008492	0.0579612916767586	0.147767794602536	0	0	0.0174111920616124	0.0106973011049449	0	0.00838018962971788	0.0153894135415438	0.0869278733218786	0	0	0	0	0.00858300424640102	0	0.475503926956889	0.888045517612338
TCGA.X7.A8M5.01A.11R.A42C.07	0.050720188999294	0	0.0253823465138187	0.358869613266645	0	0.0779736283073483	0	0.0885174360980393	0.0875784547934199	0	0	0.0200827641829138	0.00506562091374524	0.071614940460751	0.0595157654869519	0.0640387403189431	0.04222547435929	0	0.0484150262988399	0	0	0	0	0.38089844573622	0.931312009375011
TCGA.XU.A92Z.01A.11R.A42C.07	0.045955177181621	0	0.0736010991872299	0.0596490314908155	0	0.0724382397383093	0	0.0168893166767225	0.000786269625413638	0	0	0.0437045865219752	0	0.329078154837336	0.0423116129237794	0.227424842121447	0	0	0.075249066017501	0	0	0.0129126036778495	0.02	0.243817914618569	0.996287822080605
TCGA.YT.A95D.01A.11R.A42C.07	0.0169605532221825	0.00155270941412837	0	0.228902771096798	0	0.0853309316128326	0	0	0.0497427591456241	0	0	0.0592151246091208	0.157303239608165	0	0.0988267206659474	0.149696677314636	0.0684870942396204	0	0.0839814190709445	0	0	0	0.02	0.240904949247132	0.986249548587914
TCGA.4V.A9QL.01A.11R.A42C.07	0.00370333598305899	0.0139230845448379	0	0.578796546461131	0	0	0.0167099122762189	0.0453061700849613	0.0656337206471829	0	0	0.00274494802428509	0.0257849676085588	0	0.0256677283500925	0	0.204795361875286	0	0.0169342241443876	0	0	0	0	0.451541662201136	0.898309745337305
TCGA.ZL.A9V6.01A.11R.A42S.07	0.0421808806118901	0	0	0.331984962409622	0	0.135392015492509	0	0.0849145463002893	0.0905202811760988	0	0	0.0575733558928126	0.00603594211329243	0.0273911405710395	0.0727878784610791	0.0544994871942683	0.031765492435207	0	0.0649540173418918	0	0	0	0.02	0.286073848762242	0.988415781429519
TCGA.ZB.A96D.01A.11R.A42S.07	0	0.00199607861303865	0	0.369213050452643	0.260276210456583	0.113114217272976	0.0194565688332979	0.00160365270878449	0.0874405321846566	0	0	0	0.0248048251008439	0	0.0356422749215693	0	0.0864525894556076	0	0	0	0	0	0	0.491112152273706	0.879653247471047
TCGA.XU.A92O.01A.11R.A42C.07	0.0277008404862749	0	0.0115477480734439	0.479224056113975	0.0330759651572697	0.0718847080327357	0.0495947543124127	0.0152084262179642	0.0150177670546932	0	0	0	0.00330098823684567	0.00255476146411712	0.0425168560248443	0.00265669866783362	0.193629461190124	0	0.052086968967466	0	0	0	0	0.425128728005793	0.908886546611425
TCGA.ZB.A969.01A.11R.A42S.07	0.0111951434226139	0.00229471144646712	0	0.242470836899349	0	0.227723214952054	0	0.0442476120401942	0.0640956662758149	0	0	0.0619582662694098	0.0237458639532022	0.0522106337390407	0.119105373351044	0.0674553012407637	0.0396062610338963	0	0.0438911153761499	0	0	0	0.02	0.204054971671116	1.02429229107266
TCGA.3S.AAYX.01A.11R.A42C.07	0	0.0422988179241536	0.00527250963770274	0.353912803011913	0.249727227903776	0.089916886669273	0	0.00783627375287685	0.0805745771967934	0	0	0.0360329473895299	0.037964278514601	0	0.00748732756258897	0.00387318181477876	0.080744534686928	0	0	0.00435863393508462	0	0	0	0.471011546818888	0.890799074084054
TCGA.XM.A8RH.01A.11R.A42C.07	0	0.0151549050050753	0.00517133358162059	0.313376477223289	0.189285702204764	0.0829777803621815	0.0178149527406734	0.0552468282815932	0.132114785912146	0	0	0.0022698994969758	0.0387165960595339	0	0.00609276009249722	0	0.140006050953982	0	0	0	0	0.00177192808566787	0	0.467609552530223	0.889964481798049
TCGA.XM.A8R9.01A.31R.A42C.07	0.178115578694691	0	0.00834313098960836	0.258672370170627	0	0.163109772598262	0.0619420709377211	0.0940782733097968	0.025198829975259	0	0	0.0197259189585414	0.00181328219876523	0.0307539909369265	0.0325935027029223	0.00210729141784759	0.0914358401761941	0	0.0321101469328377	0	0	0	0	0.454077120682668	0.891093731865283
TCGA.ZB.A963.01A.11R.A42S.07	0.00346773719195281	0.000442243196168871	0.0122940940184724	0.264638608667424	0.16165840547076	0.164206880951038	0.0222219344414841	0.0558353943491141	0.0842957224102486	0	0.0089779569585439	4.54056439890079e-05	0.0336673827102944	0	0.0267626411252294	0.0194187652638469	0.140327907000405	0	0.000909289521307782	0	0	0.000829631079721291	0	0.415208970293524	0.918910782103237
TCGA.XM.A8RB.01A.11R.A42C.07	0	0.00555266549863438	0.0290692864239382	0.384912024007974	0.0289584262916665	0.140970231712791	0.0031589288504342	0.0808885019017316	0.151513123381566	0	0	0.0361172502539676	0.00937592653333714	0	0.00738698502613932	0.0163948906402893	0.0894477551945504	0	0	0.0077423191414394	0	0.00851168514154096	0	0.490677316300598	0.877439946104329
TCGA.ZC.AAAA.01A.11R.A42S.07	0.0150055474972638	0	0.00675455671993508	0.433240192386531	0.235752115631146	0.0692928502927238	0.0312090328204117	0	0.0745650903581111	0	0	0.0203400871941042	0.0316391644008429	0	0.00729573145028041	0.000549396620170317	0.0570269696887444	0	0.0173292649397345	0	0	0	0	0.377118451774912	0.957528724513063
TCGA.ZB.A961.01A.11R.A42S.07	0.050543851297436	0	0.00136440017088828	0.274418873299549	0	0	0.00771156444308361	0.0533902549532414	0.0604944443892806	0.0840943730139565	0	0.0595300451641308	0	0.160684462848173	0.0573329488168794	0.134866126542768	0	0	0.0555686550606131	0	0	0	0.02	0.266599533088079	0.984778667089384
TCGA.ZB.A96P.01A.11R.A42S.07	0	0	0.0112257782270983	0.315364177645071	0.0297474716844825	0.185008411356245	0.0243928322286797	0.0764242937995758	0.165247214972873	0	0	0.0428270685823518	0.00661093350529754	0	0.00934887840226673	0.0129254161556081	0.0781701794451794	0	0.0350641686108294	0	0	0.00764317538444203	0	0.392559442716814	0.94038659849281
TCGA.ZB.A96H.01A.11R.A42S.07	0.034696457799844	0.0273335304950665	0	0.24737396168074	0	0.118395619820468	0	0.0400638320914361	0.0384037020579019	0	0	0.0229522906132985	0.0122672824528557	0.0696698276889012	0.0555585474574696	0.123086406534439	0.135331041931383	0	0.0700472510459312	0	0	0.00482024833026505	0.02	0.183903333956095	1.00975548248421
TCGA.4X.A9FC.01A.11R.A42C.07	0	0	0.00957324137701513	0.295351857737358	0.234130122371938	0.131535535544385	0.017762665877626	0.0587626422132507	0.0965566775429952	0	0	0.0276359074166347	0.0169839320503494	0	0.0131708418059712	0.00371845687720165	0.0880484147338272	0	0	0	0	0.00676970445144781	0	0.418445565402964	0.927830486762751
TCGA.XM.A8RC.01A.11R.A42C.07	0	0.0495695739643939	0.0400818837162444	0.293685135902356	0.168489009585418	0.0962733817668845	0.0267587747910051	0.0447774258166757	0.00605191127907464	0	0	0.0149107677988934	0.0195366157795223	0.00802962698933589	0.024023189214234	0.0179658033700511	0.189456765065997	0	0.000390134959914025	0	0	0	0	0.437728641137191	0.900507325580034
TCGA.5U.AB0D.01A.11R.A42C.07	0.0287239713522764	0.0176418851292494	0	0.325748712574333	0	0	0.0442395894304987	0.00643192945184107	0.119583194062742	0	0	0.0803912906505	0.0113957039104952	0.0844449333298225	0.0868748235551105	0.127429321359889	0.00513788030963523	0	0.0619567648836066	0	0	0	0.02	0.19624532890368	1.01876148166872
TCGA.XU.A931.01A.11R.A42C.07	0.037368444751955	0	0	0.320026386158596	0	0.327833363618575	0.00302236737212898	0.0121364036255693	0.0217531090580702	0	0	0.0538907257074152	0.0299701389257615	0	0.0308671084393526	0.122515922842771	0.0321921675496594	0	0.00842386195014617	0	0	0	0.1	0.125462560722855	1.078797999106
TCGA.XU.AAY0.01A.11R.A42C.07	0	0.0173570968065302	0.0110370697464085	0.374167306502321	0.0785622014857336	0.0715964188748636	0.0435135212742224	0.0471128732680867	0.114219026433218	0	0.0154013525361736	0	0.0341450256770977	0	0.0175633193786817	0	0.174415095464286	0	0.000653937975443159	0.000255754576934186	0	0	0	0.51703571469649	0.855557578893537
TCGA.ZB.A966.01A.11R.A42S.07	0.0206859265128555	0	0.000345831990882959	0.371775226073372	0	0.0375813381780551	0.132334061788572	0.0483389788010917	0.0467978008950934	0	0	0.0828154640911228	0.0121401475504541	0.0431373195353704	0.0850810300006676	0.0462460423294477	0.0162120440868354	0	0.0565087881661791	0	0	0	0	0.3770488718694	0.936447753727865
TCGA.5V.A9RR.01A.11R.A42C.07	0.0246358276674569	0	0.0135464399192442	0.548943891200624	0.0290487114340643	0	0.00520083347555293	0.0590991913388038	0.0474110812341315	0	0	0.0110882838695339	0.026385727798759	0.02587940318298	0.0287759223873134	0	0.162631233826303	0	0.0173534526652323	0	0	0	0	0.474201795418204	0.883227082678376
TCGA.4V.A9QR.01A.11R.A42C.07	0.0219057999404578	0	0	0.47129978484747	0.0541001153129353	0.0548506813502064	0.00596349903795177	0.0755376855612776	0.07927550404026	0	0	0.0784294814782645	0	0.0146663618654954	0.0141403391169218	0.0301844478804089	0.0423916223266433	0	0.047079830313597	0	0	0.0101748469281104	0.02	0.182022568629551	1.06984000298906
TCGA.4V.A9QN.01A.11R.A42C.07	0.00607458861416518	0	0.0039568299631635	0.151688688344913	0	0.147174204840818	0.00642063684536515	0.0363647063753246	0.00901288851356976	0.0321214843734888	0	0.0518094647815471	0	0.120742945765784	0.081571044638807	0.151959470787077	0.0675342623821213	0	0.133568783773856	0	0	0	0.02	0.198402087002938	1.00407355723113
TCGA.ZB.A96Q.01A.11R.A42S.07	0	0	0.0181828997176078	0.332247255264324	0.17214360744332	0.0532715392224943	0.0190630236342896	0.0767693490462499	0.0895822876894927	0	0	0	0.0388256230883773	0	0.0118947379947682	0	0.153439046305905	0	0	0.0325665850004049	0	0.00201404559276667	0	0.365908825860026	0.946985240891263
TCGA.4V.A9QW.01A.11R.A42C.07	0	0.0157309170816844	0.0110463046864954	0.375417306205455	0.0511751162602567	0.0657382724225345	0.00664754895584031	0.073410509616429	0.165596489511856	0	0.00614507411427022	0.0231283569342835	0.0254456137915997	0.0291668415515386	0.0133117589042335	0	0.127499863097475	0	0.0105400268660479	0	0	0	0	0.528297950585492	0.849006783130023
TCGA.XU.A92Q.01A.11R.A42C.07	0.00203428541366159	0.00894868401848543	0	0.153487102573478	0	0.326986630751859	0	0.0231390433203218	0.0344409232189076	0.00300677718156364	0	0.0428981183047127	0.00256021906118916	0.0205252423944435	0.160596168173541	0.132223705081697	0.0171948803829949	0	0.0719582201231451	0	0	0	0	0.385083711986171	0.929423654342993
TCGA.3S.A8YW.01A.11R.A42C.07	0.0241280403439902	0.0118449383136665	0.0101607251885446	0.151711189175042	0	0.128082170433915	0.12400845850793	0.0722167531806209	0	0	0.0516368862465199	0.00193656596199704	0.0161173431079707	0.065585215549807	0.0160317851227479	0.0959267891135272	0	0.188317475952951	0.0314388489383315	0	0	0.010856814862438	0.02	0.210496813247135	1.00038355488176
TCGA.XM.AAZ2.01A.11R.A42C.07	0.0162821934492311	0	0	0.384987955494896	0	0.087190988388774	0.00791349338316002	0.112392158778678	0.0418196508732156	0	0	0.0183846056329343	0.0158717379974262	0.015158834114436	0.0490308321930113	0.0523240772132858	0.152012990515556	0	0.0466304819653963	0	0	0	0.02	0.24534786024989	1.00246008160826
TCGA.ZB.A96G.01A.11R.A42S.07	0	0.0177253842268237	0.00970114214024324	0.268084423838595	0.124557402997272	0.0973565316886414	0.014924822164956	0.162549203982443	0.126758712163654	0	0	0.0255491580312733	0.0255541603003053	0.00233775104658119	0.00952676006538574	0.0112011776811354	0.0902120400854031	0	0.0139613295872877	0	0	0	0	0.518004754652268	0.857393033283764
TCGA.XU.A92T.01A.11R.A42C.07	0	0.00364825094386932	0	0.119632298629557	0	0.23963454115084	0	0.00585253268795914	0	0	0	0.0691259956620766	0.0336472612390141	0	0.0576752854084616	0.317020645916423	0.0358019646212263	0	0.117961223740573	0	0	0	0.1	0.113239440750032	1.03989623788972
TCGA.XU.A92X.01A.11R.A42C.07	0.0108506161744332	0.00762201171914865	0.016798119379442	0.443510084562253	0	0.0645119330503187	0.0131717687201627	0.151862658260651	0.0598751633723565	0	0	0.011619781374715	0.0312241875768695	0	0.0206035933798173	0.0124159571305873	0.11523473849222	0	0.0406993868070241	0	0	0	0.02	0.206589502879585	1.03837761920232
TCGA.X7.A8M4.01A.11R.A42C.07	0	0.00179738791331962	0	0.325457917140474	0.154540703120556	0.108084741141728	0.00482487109806601	0.164102330091316	0.0932899720774645	0	0	0.0199638809294396	0.026446503136035	0.00737642114505719	0.00782190641488775	0	0.0756297948075353	0	0.0106635709841201	0	0	0	0	0.466390018531501	0.898033222927316
TCGA.XU.A936.01A.11R.A42C.07	0.0988647907726371	0	0.0772386827114835	0.174577696808591	0	0.221342187062527	0.0681447863353089	0.0459850660406354	0.106012215063543	0	0	0	0.00215276144647167	0.106535683520331	0.0552951986575807	0.0343246597904516	0	0	0.00952627179043823	0	0	0	0.02	0.24349579160684	0.999393545321598
TCGA.XU.A92U.01A.11R.A42C.07	0	0.0206242683551108	0.0179424087234155	0.389609699421451	0.0901562696605974	0.0927136188716679	0.0138566802484054	0.0478083362213271	0.114189452714509	0	0	0.0146485137358603	0.0286307106476089	0	0.0220789481365402	0	0.121072760523881	0	0	0.0205448199888024	0	0.00612351275082269	0	0.479279934380342	0.880776258161323
TCGA.ZB.A965.01A.11R.A42S.07	0.00302316684230924	0.00623677680447998	0	0.198587528189254	0	0.217620072001101	0	0.0214332912018998	0.00124102370305784	0	0	0.053598643114234	0.0157640498320979	0.0273741994618464	0.0509785768950533	0.0478962122524234	0.264351409534021	0	0.0918950501682214	0	0	0	0.16	0.0880082629686259	1.05355704640469
TCGA.ZB.A96M.01A.11R.A42S.07	0	0.00503494483810529	0.0173992670459389	0.378356226068703	0	0.084486398308009	0	0.0666199848862911	0.107009960425568	0	0	0.0445016380743995	0.023057612082492	0	0.0440991432861356	0	0.216213410647098	0	0	0.0132214143372598	0	0	0	0.305513389100384	0.976391443936511
TCGA.XU.AAXV.01A.11R.A42C.07	0.0338323013703758	0	0.00855845617758313	0.285395730880503	0.144328691296388	0.155222111781926	0.0168024128778752	0.082988432485907	0.0979200025930014	0	0	0.0377936703789475	0.0163307973750751	0	0.018349117073599	0.00741264398982567	0.0681647322053494	0	0.0204174956720385	0	0	0.00648340384160476	0	0.366491900808587	0.955090489623746
TCGA.ZB.A96V.01A.11R.A42S.07	0.0264368326773776	0	0.00591914130669727	0.311640887034173	0	0.0534077755257085	0.0816166141786303	0.058567608942919	0.0375159589422095	0.117816791332524	0	0.0138823232625002	0	0.0696466447781503	0.111126817332306	0.078632817119986	0.0151418439255688	0	0.0186479436412498	0	0	0	0	0.296760396635434	0.978764778278932
TCGA.X7.A8DB.01A.11R.A42C.07	0	0.00577359569435981	0.00933016228481434	0.32096260855624	0.223839067006189	0.158103067304975	0.0180157677002312	0.0219157639279607	0.102784750873175	0	0	0.00179179864637706	0.0159637993718531	0.00531361648172854	0.0206304865281663	0.0178367848162686	0.0760776351230491	0	0.00166109568461389	0	0	0	0	0.487145384916218	0.881233120022469
TCGA.4V.A9QM.01A.11R.A42C.07	0	0.00199481158763801	0.000507029791684656	0.441991914219283	0.134300568869579	0.0384024327699073	0.0140332582905437	0.016998264435213	0.0263472012963213	0	0	0.00769005399824264	0.01972569385248	0	0.05537834805527	0	0.230263916774205	0	0.0123665060596332	0	0	0	0	0.501003265968597	0.865350850002862
TCGA.XU.AAXZ.01A.11R.A466.07	0.0436390110133814	0.0388345648084829	0.0560965053435426	0.312416910900005	0	0	0.0274496681901807	0.0477098118962146	0.134057723454612	0	0.0324384701528727	0	0.0145337450385411	0.0750502641611151	0.0106732697476392	0	0.188580471067561	0	0.0185195842258516	0	0	0	0	0.386616520365721	0.92426013224162
TCGA.ZB.A96O.01A.11R.A42S.07	0.0137961938627182	0.00263405442463965	0.0148862729934663	0.344702109975759	0.0722446497378272	0.0777924252792462	0.0201456000030326	0.0738697696595409	0.203091761379826	0	0	0.012280204157734	0.00359901976127516	0	0.00936059385475655	0.03098697668703	0.095872356297649	0	0	0.0164095723597113	0	0.0083284395657875	0	0.50658755651306	0.864671799798338
TCGA.5K.AAAP.01A.11R.A42C.07	0.00804160210168798	0	0	0.447969992814964	0	0.0944407611376923	0.0160804889769265	0.0864683454131837	0.0943889494336734	0	0	0.0105153509346327	0.0254699093101203	0	0.0328389494644563	0	0.155021568562695	0	0.0287640818499683	0	0	0	0	0.467598556676982	0.888037887699387
TCGA.ZB.A96R.01A.11R.A42S.07	0	0.0098596443448566	0.0113723921276086	0.236137269850632	0.097339325097153	0.136389721211297	0.0287016500182681	0.185015029157891	0.129022700650324	0	0.00443641678416855	0.0093018426957359	0.0173969315671478	0.00947880322209527	0.013027175570978	0.0176118008914624	0.0882874580200332	0	0.00662183879034908	0	0	0	0	0.536006958884578	0.845057979470503
TCGA.X7.A8D7.01A.11R.A42C.07	0	0.0268496715580723	0.00524864780906498	0.339928877284968	0.104643165731064	0.0606970781263817	0	0.0778502831141614	0.209920871160405	0	0	0.0353168465167862	0	0	0.016002340347364	0.0220561727047075	0.0846890796419479	0	0	0.00751546659536861	0	0.00928149940970793	0	0.502593292854008	0.869526433349641
TCGA.ZB.A96K.01A.11R.A42S.07	0.0114556566636945	0	0.00183111317877983	0.431825821870831	0	0.0327835649943041	0	0.0327427643919956	0.0992120589373282	0	0	0.0996628149005774	0.0331330625652864	0	0.0429874347811766	0	0.189094954982071	0	0.0252707527339555	0	0	0	0	0.422321904092527	0.913902345676164
TCGA.X7.A8DF.01A.11R.A42C.07	0	0	0	0.525050870472314	0	0.0565940008621081	0.0097295525391796	0.104062801769127	0.0779462543837665	0	0	0.00463932166976005	0.0256836534250995	0.0142651898658897	0.039731347246766	0	0.132418291339764	0	0.0098787164262245	0	0	0	0	0.53702073403953	0.844459084214262
TCGA.ZB.A96B.01A.11R.A42S.07	0.00841945634990204	0	0	0.258601917934118	0.161992909864832	0.171018016421811	0.0312164326690634	0.0938052102658153	0.145269580957621	0	0	0.00244900031521147	0.0194442793772282	0	0.00787276423917907	0.00194568622343972	0.0902194446574514	0	0.00774530072432624	0	0	0	0	0.567708387566184	0.823822450402353
TCGA.X7.A8M7.01A.11R.A42C.07	0.0544260707606523	0	0	0.374901156298527	0	0.0647378069914079	0.0283420616862625	0.189610229951765	0.11790364558538	0	0	0.0148415814353726	0.0241532278002645	0.00211399490757935	0.00839192555499695	0	0.108213662685308	0	0.0123646363424838	0	0	0	0	0.499118961880763	0.869509036872455
TCGA.3G.AB0T.01A.11R.A42C.07	0.0808101601810516	0	0.0367603437867503	0.354402383489995	0	0.0443534491631528	0.0367720752758446	0.240220753134281	0.0601127685060068	0	0	0.00435646121528418	0.0173872167646731	0.00822500726170137	0.0108003003053967	0	0.0938457698102193	0	0.0119533111056432	0	0	0	0	0.407559488247971	0.924824355272001
TCGA.XU.A92Y.01A.11R.A42C.07	0.0129817572459327	0	0	0.280436353912	0.204665398383957	0	0	0.0325987842069686	0.0747314425094649	0	0	0.0182931479126121	0	0.00766167707957931	0.0428179291490852	0.0011277401698924	0.290167026508306	0	0.0345187429222019	0	0	0	0	0.342921893688151	0.950521251086766
TCGA.XM.AAZ1.01A.11R.A42C.07	0.00874668291852902	0	0	0.281606998242559	0.114547590839157	0.141612999284988	0.0497628202734097	0.157497926601375	0.0433244261529088	0	0	0.00137959791700192	0.021079299065945	0.00892870973726321	0.0146401137055549	0.00269044308431146	0.129737278625929	0	0.0244451135510686	0	0	0	0	0.448613753874728	0.899977832441704
TCGA.3G.AB14.01A.11R.A42C.07	0.0295439335243421	0	0.00522520391371995	0.413434762609708	0	0	0.00300968129541403	0.0826046716728174	0.0356577975359982	0	0	0.0322685070624697	0	0.0221075715722267	0.0898452718670947	0	0.233769145250793	0	0.0525334536954165	0	0	0	0.02	0.264728456453225	0.988773255499121
TCGA.X7.A8D9.01A.11R.A42C.07	0	0.00253713810613799	0.00117336483280562	0.342184474923907	0.262332451798004	0.0851222915638118	0.011189081912442	0.00225061785208582	0.0142185436930596	0	0	0	0.0173047879700739	0	0.0323478468066278	0.0341245920089263	0.184644692071026	0	0.0105701164610922	0	0	0	0	0.434129688724429	0.906935081581258
TCGA.3Q.A9WF.01A.11R.A42C.07	0	0.0222906996212899	0.0132076737800622	0.371109741945494	0.0639415104067304	0.099206338514416	0.00402555107154903	0.0865206373355829	0.165753398617535	0	0	0.0367849707106108	0.00735922105623738	0	0.0110579307798043	0.0265961021871338	0.0836572019540407	0	0	0	0	0.00848902201951308	0	0.504613886338651	0.867919368752762
TCGA.ZB.A96F.01A.11R.A42S.07	0.0505808287865129	0	0.000319643463562887	0.410964613731369	0.0257496918662167	0.0559731895558982	0.0386335824633684	0.196920228024644	0.0422197703058049	0	0	0	0.0325912840968626	0.00896808443313092	0.016075147961228	0	0.121003935311402	0	0	0	0	0	0.18	0.0608929353979076	1.11946215114634
TCGA.XU.AAY1.01A.11R.A42C.07	0	0.000684790078547858	0.00555752674699681	0.409372282570117	0.0775847658345114	0.0714822108376663	0.0185939396161754	0.0451488549960074	0.153324460935645	0	0	0.00633813242194272	0.0233933255683835	0.000289901174754559	0.0192312291511319	0	0.139496373626737	0	0	0.0218699349848204	0	0.00763227145656219	0	0.539731393090368	0.841728041825098
TCGA.XU.AAXY.01A.11R.A42C.07	0.114311130872318	0	0.0156196778541682	0.378662283024162	0.0251708330580113	0.0265799395280226	0.0819575549663306	0.122582516815046	0.071705003203071	0	0.0101698598245288	0	0.0343596569551763	0.00211344115074001	0.00981811888585789	0.00414609502302959	0.0838000685614468	0	0.0190038202780898	0	0	0	0	0.461957578608644	0.888729794352921
TCGA.5U.AB0E.01A.11R.A42C.07	0.0260874391979728	0	0.0171680539570259	0.458160351520788	0.0794264645084241	0.0406743609316378	0.0249396236153337	0.174284708503215	0.0238161226343406	0	0	0.00162202566429357	0.0153579936935018	0.00138496299414883	0.0220681237267595	0	0.103246598200401	0	0.0117631708521566	0	0	0	0	0.514280390341397	0.860569867435637
TCGA.4X.A9FB.01A.11R.A42C.07	0	0.0132160402084851	0.0449469622012728	0.305647556361357	0.0355084646269017	0.0591561948394373	0.0134321300198443	0.120924055162222	0.223001704275293	0	0	0.034161089551979	0.00117247376611814	0	0.0182588422932371	0.0312728814514544	0.0894195791311408	0	0	0	0	0.00988202611125733	0	0.492841297834159	0.873298325765892
TCGA.ZB.A96C.01A.11R.A42S.07	0.0162123447151892	0	0	0.230243323892977	0	0.137518523764118	0	0.00670432993764623	0.182125960745946	0	0	0.0381077209052002	0.0412942391162997	0.00520770118075785	0.0587455577950464	0.174579894200931	0.069859999645628	0	0.0394004041002615	0	0	0	0.02	0.192949338234013	1.01832337291079
TCGA.X7.A8D6.01A.11R.A42C.07	0	0.0634888907626266	0	0.282177890879927	0.294538998159874	0.057776301871385	0.0144539736455092	0.0597935927646832	0.0851074115006487	0	0	0.00734754969083913	0.0352617694229437	0	0	0	0.096154929048927	0	0.00256975361694785	0	0	0.00132893863568884	0	0.363887651883464	0.957573271169894
TCGA.3G.AB0O.01A.22R.A42C.07	0.0207504486572708	0	0.00950698010238102	0.215399865565405	0.278606311957454	0.131245533800294	0.0316130755471628	0.059475598038073	0.126569163459288	0	0.0105877772279443	0	0.0223107103496536	0	0.0102984340102189	0.00792678623568248	0.0663862230941908	0	0.00932309195498125	0	0	0	0	0.457365118919844	0.900690419831743
TCGA.XU.AAXX.01A.11R.A42C.07	0	0	0.0110882149325532	0.331610328678879	0.0338322911341323	0.0958407607293223	0.0123379523445387	0.201320646114914	0.146173393895408	0	0	0.0221524461001967	0.00219785469332734	0	0.0132014338941366	0.00655555481770661	0.104461233540964	0	0	0.0104081137446948	0	0.00881977537922634	0	0.519596193347594	0.858241012184508
TCGA.4V.A9QI.01A.11R.A42C.07	0	0.0189605872356545	0.0127098098851372	0.30028450164982	0.171962426881908	0.0428577847735816	0.00815662834286481	0.150308711541923	0.146690131527443	0	0	0.0362891165420345	0.0131667944212244	0	0.0112861804875182	0.0121326189610245	0.0685046736190477	0	0.000134032431257442	0	0	0.00655600169956199	0	0.359805198048893	0.966264473592505
TCGA.3T.AA9L.01A.11R.A42C.07	0.0309679111171659	0	0.00836045398085108	0.334598257088485	0.0801867219317245	0.120171635427192	0.0260404422289638	0.113370416212784	0.11872978138651	0	0	0.0130860898849959	0.00960803741453304	0	0.0118440711621541	0.0208490402585278	0.0919886999426823	0	0	0.0106430178660651	0	0.00955542409736487	0	0.494903322673583	0.872388170412569
TCGA.X7.A8DJ.01A.11R.A42C.07	0.0111965271312249	0	0.00434205840932519	0.500570602053979	0.052645289627365	0.0429067610086022	0.0170798568315083	0.0659858507902267	0.0880877779153774	0	0	0.00206121536095913	0.0175658770839656	0	0.0568889088334693	0	0.140669274953997	0	0	0	0	0	0	0.440885319083608	0.90802931009937
TCGA.ZC.AAAH.01A.11R.A42S.07	0.0496529924732093	0	0.0131424634224219	0.375736824556083	0.158744282041469	0.0183846565278598	0.0483037742967173	0.112531786751907	0.0474259570745117	0	0.00312973112281327	0	0.0256736253057922	0.00525143500721368	0.00611517705142775	0.000601076898638098	0.117979661635679	0	0.0173265558342569	0	0	0	0	0.506500090610668	0.86292195225164
TCGA.ZB.A96I.01A.11R.A42S.07	0.0107757198855579	0	0.000435032483288695	0.504729993447379	0	0	0.0187184252270741	0.0558800015022419	0.0118941141651696	0.0549943534742941	0	0.00490904789914252	0	0	0.0602686181638509	0.247865803712612	0.00534823405590461	0	0.0241806559834852	0	0	0	0.1	0.116133280186419	1.07644675693024
TCGA.5U.AB0F.01A.11R.A42C.07	0.00270605309669903	0	0.00174026386524851	0.500295746457383	0	0	0.0277948065698921	0.054283639346497	0.107412838399282	0	0	0.0105271269208984	0.031521039818452	0	0.00985176875660188	0.023393400948281	0.213637855330488	0	0.0168354604902766	0	0	0	0	0.492165947786681	0.870989489495331
TCGA.ZB.A96E.01A.11R.A42S.07	0.00759832989484916	0	0.00600286831191673	0.385590474696947	0	0.0730055102624093	0	0.0622468022314748	0.125130759696138	0	0	0.0681402866997459	0.0393594353373318	0	0.0350941349657363	0	0.174033860669654	0	0.0237975372337974	0	0	0	0	0.310989578080712	0.976546714099852
TCGA.ZB.A96A.01A.11R.A42S.07	0.00662706811212427	0.0175925624615355	0	0.276064153726813	0.0915736378416735	0.241357882103749	0.0265069429888173	0.0384678430371126	0.121787236696727	0	0	0.0134926649797747	0.0251076856203353	0	0.00777393266427619	0	0.128241077173091	0	0.0036665060481272	0.00174080654584422	0	0	0	0.510560959418495	0.861901834609351
TCGA.4X.A9FD.01A.11R.A42C.07	0.0721859849220266	0	0.0140069760621528	0.450856827859609	0	0.0922652091702673	0.020731672125723	0.142826025507177	0.0382102596754704	0	0	0.00530771936185766	0	0	0.0248030021172019	0.0185036905140796	0.0935422675300774	0	0.0267603651543568	0	0	0	0	0.479451858371169	0.88140455134946
TCGA.4V.A9QS.01A.11R.A42C.07	0.00259829097912286	0	0.0142886888523095	0.272222864345685	0.0477972111523078	0.205577364044706	0.0218522185596873	0.143080296780496	0.0711676701306091	0	0	0	0.0294592794041865	0.00526877851892224	0.0268690461871019	0	0.135214802634064	0	0	0.0246034884108012	0	0	0.02	0.248150318947025	1.01453399020947
TCGA.4X.A9F9.01A.11R.A42C.07	0	0.0528323035806721	0.0450278210216523	0.456730544783653	0	0.00162598109420875	0.0166373519621594	0.0984017219061565	0.165828605132765	0	0	0.00815942581423681	0.00722347347189944	0.0100826959729117	0.0225255640238763	0.0221230815517299	0.0776527799708545	0	0	0.0151486497132243	0	0	0	0.510393429100936	0.861190051977031
TCGA.XU.A933.01A.11R.A42C.07	0.060889417109526	0.0453185554025798	0.074693283839393	0.0885663782694983	0	0.123503081246035	0.0294591043052831	0.088690853451255	0.0321873825242931	0	0	0.0290537079575844	0	0.201775124618182	0.0538272324129818	0.0756917508677889	0.0180260263145198	0.0301293245728012	0	0.0379887777127998	0	0.0101999993954786	0.02	0.263090053891525	0.977872076315154
TCGA.XU.A92V.01A.11R.A42C.07	0.0313644145141553	0	0.0247938455597001	0.361656463739724	0	0.123954994376084	0	0.00391132166357949	0.0240178968179844	0	0	0.00658083452280304	0.0126855391355673	0	0.0423369191269182	0.0498476632200942	0.293780876898305	0	0.0250692304250855	0	0	0	0	0.347561666754263	0.944180162558205
TCGA.X7.A8M0.01A.11R.A42C.07	0.110504540578059	0	0	0.184391057672196	0	0.262684648080507	0.00868011483584872	0.0903744055977245	0.0389646665275208	0	0	0.0583264514214337	0.00853339571025695	0.0610886799956733	0.0461347585020605	0.0564718284565414	0.0316819040126732	0	0.0421635486095052	0	0	0	0	0.48030959460499	0.876377248729092
