B cells naive	B cells memory	Plasma cells	T cells CD8	T cells CD4 naive	T cells CD4 memory resting	T cells CD4 memory activated	T cells follicular helper	T cells regulatory (Tregs)	T cells gamma delta	NK cells resting	NK cells activated	Monocytes	Macrophages M0	Macrophages M1	Macrophages M2	Dendritic cells resting	Dendritic cells activated	Mast cells resting	Mast cells activated	Eosinophils	Neutrophils	P-value	Correlation	RMSE
TCGA.V4.A9EC.01A.11R.A405.07	0	0.00755531228185475	0.0301294922728258	0.0432695094879708	0	0.0921468339450428	0	0	0	0	0.0035271626187635	0.0602948434680893	0.0101200946032856	0.166258243550777	0.0433928866861383	0.394738949394519	0	0	0.148566671690733	0	0	0	0	0.15576479925435	1.03128728976315
TCGA.V4.A9EA.01A.11R.A405.07	0.0338297029487342	0	0.0325157640328762	0.177896361292525	0	0	0	0	0.0281457617973859	0	0	0.0457028086769063	0.0191614788711861	0.175305605210389	0.00990460841508843	0.434532631507709	0	0	0.0412410343168797	0	0	0.00176424293032005	0.04	0.0981749877118761	1.06270242295653
TCGA.V3.A9ZX.01A.11R.A405.07	0.00650697927362548	0	0.00552511813446994	0.41073995985514	0	0	0.0327844893186336	0.0323653974630586	0.0432728961461177	0.0807682829434298	0	0.0503708857318111	0	0.0215768099911679	0.113390639945142	0.114719438997508	0.0157471082048868	0	0.07223199399501	0	0	0	0.14	0.0686595700745072	1.098775115975
TCGA.YZ.A984.01A.11R.A405.07	0	0.0583448613578865	0.0521957046611327	0	0	0.0949762900495726	0	0.00193130600238552	0.00450208695776773	0.0291299425238519	0	0.044484062873534	0	0.247783819406721	0.0055227982887161	0.194643635293036	0.00176345055670027	0	0.264722042028696	0	0	0	0	0.158594829086123	1.0287705193616
TCGA.V4.A9EJ.01A.11R.A405.07	0	0	0.013681137563264	0	0	0.106137380365126	0	0	0	0.0765647572772605	0	0.0208504633331826	0.0197361327983516	0.0512606348051419	0.0358658188260532	0.404406771805628	0.00503549293654588	0	0.262679655768437	0	0.00378175452100918	0	0.4	0.0175853843807693	1.08705777748364
TCGA.VD.A8KD.01A.11R.A405.07	0.0515823306869961	0	0.0558927824287908	0.28639653609861	0	0.0379865162208338	0.0135939550701141	0.0504046819692714	0.043971901288747	0	0	0.0676907112403909	0.00848031093949863	0.153607386128433	0.0764897607824847	0.0823195627865502	0.00499643243662352	0	0.0665871319226555	0	0	0	0	0.227227793147823	0.998413278433501
TCGA.WC.A87Y.01A.11R.A405.07	0.00143126652694047	0	0.0117385930141799	0.647368687519656	0	0	0	0.0267766207171894	0.0533818222148717	0	0	0.0631668505854697	0.00540081041049399	0.00300429474242504	0.00812085686184577	0.14478227480718	0.00229985012473379	0	0.0325280724750143	0	0	0	0.28	0.0441831064378185	1.15277622435858
TCGA.YZ.A980.01A.11R.A405.07	0	0.0253748545915766	0.0161033507638895	0.042048214637695	0	0.00949345184030101	0.00485242146214743	0.0129014485372801	0.0358383470194514	0	0	0.0125781331612102	0	0.263869210671681	0.0250707532658641	0.289496711415225	0.00430251384375013	0	0.258070588789929	0	0	0	0.02	0.124810566969555	1.05467928608494
TCGA.V4.A9ES.01A.11R.A405.07	0	0.0145228299371526	0.013824733071745	0	0	0.26330446662482	0	0.00561027110923647	0.0190393690825464	0	0.0227295904778299	0.0621593638714493	0.0474889656318472	0.223645893131903	0.0126416597250673	0.124793664907977	0.00959242783566068	0	0.180303830994142	0	0.000342933598622931	0	0.24	0.0572323731783675	1.06207789155046
TCGA.V4.A9EW.01A.11R.A405.07	0	0.000509054707575226	0.0069129898294748	0.0231915260840264	0	0.178050561426309	0	0.0064744177690375	0.0146533520847265	0	0	0.0540708808031567	0.013942992282061	0.112158630066442	0.0180499783457137	0.464824116769251	0	0	0.107105454031589	0	0	5.60458006360317e-05	0.26	0.0484027054570132	1.07956558314225
TCGA.V4.A9EY.01A.11R.A405.07	0.000630800300098025	0	0.0452948836209178	0.00575799533233947	0	0.0332440773510639	0	0	0.00207123760444209	0.0148547524837295	0	0.00789665689124604	0	0.167177111319611	0.00871409807554351	0.458460042684558	0.00462565400086452	0	0.250952742669269	0	0	0.000319947666317464	0	0.14932321906441	1.05110215427552
TCGA.V4.A9E5.01A.11R.A405.07	0	0.013220095377156	0.0146977931105964	0	0	0.0639329454262222	0	0.00507740344876317	0.0284794920690898	0	0.0157057103651654	0.0223945061535278	0	0.219948941407523	0	0.353804184674398	0.00278213335562547	0	0.259956794611933	0	0	0	0	0.135430191401719	1.05094640172378
TCGA.V4.A9EK.01A.11R.A405.07	0	0.0196785786383872	0.135370342788498	0.118964737381946	0	0.0691570982080873	0	0	0.023718682564863	0	0	0.0710998494103531	0.0168751135344472	0.0478887020345057	0.0119382443736932	0.361578252396545	0.012885508709341	0	0.110844889959333	0	0	0	0.04	0.0974682080970182	1.04652855935265
TCGA.VD.A8KE.01A.11R.A405.07	0.00755777099065009	0	0.00552068723034055	0	0	0.103074437317909	0	0.00411761796063695	0.00375636379867473	0.0132696038251721	0	0.0080012230313877	0.0409550278400612	0.069907757186595	0.0298255019500248	0.375026748856602	0.00641944344092418	0	0.320105112061792	0	0.01246270450923	0	0.3	0.0337053390024554	1.08840148588935
TCGA.V4.A9EH.01A.11R.A405.07	0	0.00354306175568874	0.0855473137935286	0.234318907759676	0	0.162830389353753	0	0.00324198708018695	0.0258092186343803	0	0	0.0969620373686757	0.0293621469841469	0.0408546253949391	0.0786775622122887	0.152717065039184	0.00156236810855895	0	0.0845733165149931	0	0	0	0.28	0.0418110377302491	1.0795313358267
TCGA.VD.A8KO.01A.11R.A405.07	0.0244267951242079	0	0.0224609932327016	0	0	0.211864914495005	0	0.0577858251471855	0.0258256167400721	0	0.02327808423072	0.00386241417875142	0.0153841898181081	0.362115254841729	0.00130725562507775	0.119482992395156	0.00881934148807686	0	0.0971982658858913	0	0.0261880567973176	0	0.4	0.0169176745951628	1.09630939489377
TCGA.WC.A882.01A.11R.A405.07	0	0.0413491009980816	0.105212909326281	0.0464339781377234	0	0.0870901037182221	0	0.0111225435952692	0.0323778667334149	0	0	0.0831821798620605	0.046899155449809	0.177625873531887	0.0103739635831085	0.22799962536403	0.00447512863560807	0	0.125857571064505	0	0	0	0	0.146783025189155	1.02430428327147
TCGA.V4.A9EX.01A.11R.A405.07	0	0	0.0193730856585543	0.0548684412182694	0	0.0659620362808449	0	0	0	0	0.00101364052424336	0.0250537597722884	0	0.421366688051128	0.0327459760592074	0.338930042524669	0	0	0.0406863299107949	0	0	0	0.02	0.121710037386211	1.09129927444381
TCGA.VD.A8K7.01B.11R.A405.07	0	0.0122329468721567	0.0569359377942563	0.0936714801462414	0	0.0882709047154932	0	0	0.0132010486480904	0	0	0.0836855235277329	0.0577189217182654	0.068538851302046	0	0.422792311672537	0	0.00380601346576453	0.067338456628204	0	0.0187584114725177	0.0130491920366944	0.4	0.0177743396050952	1.0822790406655
TCGA.V4.A9EE.01A.11R.A405.07	0.0229524004308669	0	0.015630864302293	0.23740257496658	0	0.0697425612846245	0.00718773478797906	0.0182264884382171	0.0273833896779043	0	0	0.0330405966578296	0	0.294253286373921	0.0418673250177823	0.205389333641079	0.0100337840956815	0	0.0168896603252414	0	0	0	0.24	0.0533813428488914	1.08460967716686
TCGA.YZ.A982.01A.11R.A405.07	0.00199994637421975	0.00180928290770767	0.00203491408706479	0	0	0.103123386418554	0	0.0210832173172457	0.0345680383711175	0	0.0280835427104541	0	0.0489824302849963	0.284753466395315	0	0.35092958880712	0.00526667511533113	0	0.117365511210874	0	0	0	0.1	0.0754302862389744	1.08246455345868
TCGA.WC.A888.01A.11R.A405.07	0	0.0111798398262003	0.0590086868195722	0.425100735652875	0	0.0520109767382312	0	0.0347321289640754	0.0631024706231016	0	0	0.0471012022331826	0.000136900468885132	0.0539891932022548	0.0813290754236877	0.145702382838494	0.000419469979869034	0	0.0261869372295714	0	0	0	0	0.146055025909028	1.05393839577454
TCGA.V4.A9ET.01A.11R.A405.07	0.000385805510039853	0	0.0211744989675706	0.00746620958306479	0	0.0629211641721758	0	0.0136360978467744	0.0133052141200783	0	0	0.00773034399779815	0.086825007193069	0.102029667663636	0	0.441789184558129	0.00031127598163293	0	0.222755630368358	0	0.0196699000376738	0	0.02	0.103807054697976	1.06036666213155
TCGA.WC.A881.01A.12R.A405.07	0	0.00851030830677975	0.00515234340669692	0	0	0.214909228745805	0	0.0147433814977065	0.0018288626471551	0.031372764946265	0	0.0499328058078577	0.0337749357526536	0.0598850990595717	0.0425862224637165	0.304980419074326	0.0077063410248135	0	0.224617287266653	0	0	0	0.12	0.0697411129916056	1.0545238419405
TCGA.WC.A87U.01A.11R.A405.07	0.00995050311750209	0	0.0929000517141937	0.0158656337001428	0	0.356326892987998	0	0.00226989000093913	0.00600360512782896	0	0	0.0653615504304308	0.111789846132437	0.0645318506515972	0.00679601211662851	0.22158129239424	0.00376984695074241	0	0.0349052441858963	0	0.00794778048942349	0	0.28	0.0444970612303692	1.06538971736872
TCGA.V4.A9EI.01A.11R.A405.07	0	0	0.0121383349309318	0.196577681713145	0	0.0666366321446338	0.00268333730565729	0.0382949444318445	0.0262629023063849	0	0	0.0111788282270447	0	0.306682392733683	0.0448687293108773	0.265311059574835	0	0	0.029365157320963	0	0	0	0	0.138482293428156	1.05054059241572
TCGA.V4.A9EO.01A.12R.A405.07	0	0.014622885626078	0.00586622631147883	0	0	0.197640790463443	0	0.00547524325385599	0.00661809484685157	0	0.0677474195398938	0.0318100581328767	0.0441883192665133	0.0480976209359666	0.0185017882234271	0.303754765062519	0	0	0.237063536595853	0	0.0186132517412436	0	0.62	-0.00220533814287733	1.081630760054
TCGA.VD.A8KI.01A.11R.A405.07	0.00572064319989209	0	0.00261907230810672	0.434216823842736	0	0	0.00352409584196532	0.0321417745660501	0.0305970648864034	0	0	0.0613603991189399	0	0.110502690911223	0.0173204354107156	0.144462205751784	0.0073947566148765	0	0.150140037547307	0	0	0	0.26	0.0482796467270105	1.08977367923648
TCGA.V4.A9F1.01A.11R.A405.07	0	0.00629403450400948	0.00133325366238248	0.0406187529054578	0	0.110994467441471	0	0.00173205633487819	0.00164544216950421	0	0	0.0402052449046931	0.0271116162096086	0.0897000407957536	0.0266491175650628	0.515759396436946	0.00556314655414706	0	0.129710001347517	0	0.00268342916856866	0	0.02	0.115010921272925	1.0557445565014
TCGA.WC.A87T.01A.11R.A405.07	0	0.00101395440776315	0.0145019647027612	0	0	0.303053594414811	0	0	0	0	0.0180715203054614	0.0205448775371145	0.0140221301333859	0	0.00359337721579425	0.52166879573283	0	0	0.103529785550079	0	0	0	0.22	0.0613074273907384	1.07179054893094
TCGA.V4.A9E7.01A.11R.A405.07	0.000839864339724261	0.00457958394219477	0	0.0506316379664813	0	0.0926885462831893	0	0	0.0456734533959838	0	0	0.00946818733545133	0.0450426037808485	0.27019261784068	0.0136254652827512	0.0928130045134273	0.000434810381221755	0	0.348557891962166	0	0.025452332975881	0	0.02	0.099992929562304	1.06417811904156
TCGA.WC.A884.01A.11R.A405.07	0.0079753893055843	0	0.0527587283323741	0.166307154201446	0	0.0728786596720285	0.00484599111541631	0.0149414873433692	0.00861206656778214	0.0067139755840382	0	0.0279803268994316	0.0589006990506512	0.125130624701518	0.021334211320196	0.30462872401873	0.00398202139814067	0	0.123009940489295	0	0	0	0.02	0.114407187123003	1.0355147994895
TCGA.V4.A9E9.01A.11R.A405.07	0.029014995402039	0	0.0197041956223271	0	0	0.055528049955617	0.0083000358814711	0.00141552325460268	0.00423261761829419	0	0.02972399112185	0	0.0599255017469021	0.131508123742384	0.00909507104624344	0.274184969345071	0.00776876491107477	0	0.347222559450936	0	0.0223756009011875	0	0.04	0.0932094423712103	1.06318488380391
TCGA.V4.A9EL.01A.11R.A405.07	0.0131605293304203	0	0.024169389498008	0.321161276793561	0	0.0559761177324706	0.0556641392852199	0.026372203975938	0.00745946775359372	0	0	0.0576428206396341	0.0045414639339583	0	0.0926651311435098	0.224711097206863	0.0195047462762418	0	0.0969716164305812	0	0	0	0.1	0.0788435147341607	1.06206265770051
TCGA.VD.AA8O.01A.11R.A405.07	0.0159393918227194	0	0.00694104674369274	0.287430639022017	0	0	0.00608986195851816	0.0305408900981889	0.00662631075575725	0	0	0.0526468995882859	0	0.0600841752668856	0.0279822445872854	0.314364231268456	0.0240675657226521	0	0.167286743165542	0	0	0	0.34	0.0225328592609893	1.07764178908107
TCGA.V4.A9F8.01A.11R.A405.07	0.0101769356544805	0	0.00535672263006647	0.0865046273697735	0	0	0	0	0.0512349801642517	0	0.0699901038233657	0.0724610020851574	0.146170388617123	0.0614111404850594	0.0181634070595664	0.345993451059407	0.0792568016279916	0	0.0532804394237579	0	0	0	0.24	0.0537545891159453	1.06970520492582
TCGA.VD.AA8N.01A.11R.A405.07	0	0	0.0272491467822809	0.339278696721175	0	0.120263272485272	0.0232639413002386	0.0104029745899341	0	0	0	0.0122614425432392	0.0102382291252065	0.0667917988478216	0.0704732907882179	0.225813304689101	0.0716339922001989	0	0.0223299099273135	0	0	0	0.02	0.117606049869181	1.04702115488185
TCGA.VD.AA8T.01A.11R.A405.07	0	0.043703917952904	0.00945855757621277	0.124231421457053	0	0.0780040022637661	0	0	0.0207751574504285	0	0	0.0172573924638253	0	0.177532720978776	0.0230765115011198	0.467844340579402	0	0	0.0381159777765128	0	0	0	0.24	0.0556755794438213	1.08607994643679
TCGA.VD.A8KA.01B.11R.A405.07	0.0027078005858794	0.0112101033673545	0.00882340802645075	0	0	0.350087170329403	0	0	0.000295283727965963	0	0.089480039991446	0	0.0526130612634169	0.249529815729357	0.0259214270284754	0.0440179456084869	0.00406440688505589	0	0.147191453906775	0	0.0140580835499337	0	0.3	0.0362198998101088	1.07326843038885
TCGA.WC.AA9A.01A.11R.A405.07	0.0144267222422407	0	0.0222162077169048	0	0	0.156382121592093	0	0.0122010476303844	0.0287836644510176	0	0.0125851979897567	0.0547306396670446	0.0222059280898207	0.351781969925595	0	0.140251476288343	0.0139013782783046	0	0.170533646128495	0	0	0	0.02	0.119759442293772	1.05179922549626
TCGA.YZ.A985.01A.11R.A405.07	0.00278261180733935	0	0.0244268385742056	0.0730891276761997	0	0.0220537151424366	0	0	0.0204225590755382	0	0	0.0946025290096078	0.0406839104333647	0.120251639622076	0.0410976997769066	0.373371956970937	0	0	0.172084928003951	0	0.0151324839074375	0	0.1	0.0726532836604439	1.06308806223186
TCGA.WC.AA9E.01A.11R.A405.07	0.105009901905583	0	0.114690673487522	0.188626998377781	0	0.125086475151281	0.00380976868419761	0.0400515584742099	0.0154420276575249	0.000287341404158867	0	0.0396713469189645	0.00403149195105183	0	0.0400440499944117	0.296494869274039	0	0	0.0267534967192756	0	0	0	0	0.206855924303859	1.00629621550649
TCGA.VD.A8KK.01A.11R.A405.07	0.0104041822355738	0	0.0462669163618876	0.23953720717374	0	0	0.0048635308860997	0.0396945160712282	0.0104375204465873	0	0	0.0743745415310855	0.0135658077986179	0.157056843398953	0.0290238463413108	0.187778543873182	0.00191222163169288	0	0.185084322250042	0	0	0	0.24	0.0552872816025447	1.06277873305646
TCGA.V4.A9F7.01A.11R.A405.07	0	0	0.0657427860641331	0.0128938352689466	0	0.240877434796592	0	0	0	0	0.0114884356710179	0.0177466130657169	0.0583018098124216	0	0.00157978678486947	0.552878939735083	0	0	0.0384903588012195	0	0	0	0.28	0.043387327819547	1.08271624709036
TCGA.YZ.A983.01A.11R.A405.07	0	0.00091307493214703	0.0335931175503102	0.0784650664612047	0	0.200336999880889	0	0	0.0119486015668598	0	0	0.0636253052145251	0.0221657393639055	0	0.0165937065315823	0.440426826140382	0.0295542598494284	0	0.10144747377372	0	0	0.000929828735045546	0.32	0.0276837617247905	1.07518144331985
TCGA.V4.A9F2.01A.11R.A405.07	0.0085585514181798	0	0.123436646490973	0.0748531961053205	0	0.0611368075495859	0	0	0.0326280285260667	0	0	0.0698672077984698	0.0560783753516637	0.0485468302026698	0.0196740383571159	0.299817058049279	0.0114743574215428	0	0.193928902729133	0	0	0	0.22	0.0634906025901251	1.05503261572513
TCGA.WC.A87W.01A.11R.A405.07	0	0.0266060975606927	0.142840056333247	0.0141531368724784	0	0.191988401901554	0	0	0.0115623642380901	0	0	0.0572378189047771	0.00818632285630411	0.0877659083127998	0	0.125746299833071	0.00765483551775755	0	0.326258757669228	0	0	0	0.48	0.00713116626369158	1.0922346510826
TCGA.VD.A8KH.01A.11R.A405.07	0	0.0106701970124144	0	0	0	0.164261042911403	0	0	0	0	0.12228176410555	0	0.0384535267494769	0.41480904203441	0.00635222953197842	0.0316984769871279	0.000724807513730463	0	0.210748913153908	0	0	0	0.1	0.0777757996076903	1.08005928221572
TCGA.VD.AA8P.01A.11R.A405.07	0.0162623385028082	0	0.00128063790495152	0.044211971543759	0	0	0	0.00092892845397414	0.00387591099315293	0	0	0.0187306641124572	0.0557280970505366	0.103912287809005	0.00938409228834899	0.420302760078917	0.0118538736653568	0	0.313528437596733	0	0	0	0.22	0.0616045049622423	1.08841257692148
TCGA.VD.AA8S.01B.11R.A405.07	0.013559236668533	0	0.0101680492767593	0.0256179154384398	0	0.133571321171692	0	0.003534548066398	0.00561309301595732	0.0295722179196345	0	0.0517192242900263	0.0266381760452003	0.165972828283992	0.0243266082750089	0.263562173757469	0	0	0.246144607790889	0	0	0	0.08	0.0815455337286678	1.05616280474454
TCGA.WC.A885.01A.11R.A405.07	0	0.00379215381908416	0.0224198658420861	0	0	0.29315207858878	0	0.00662377116635624	0.00211782942911234	0	0.0427429819447368	0	0	0.336376721038676	0	0.272896145742255	0.0023936861334372	0	0.0174847662954766	0	0	0	0.0600000000000001	0.0905029277366669	1.07896650869998
TCGA.VD.A8KB.01A.11R.A405.07	0.00220617729806163	0	0.0268153699353736	0	0	0.239872924362302	0	0.0225323007380401	0.01587977105252	0	0.0158682672252882	0.0136613408458032	0.0102388426212004	0.186664301161661	0	0.378105237022348	0	0	0.0859542562149145	0	0.00220121152248684	0	0.04	0.0953799431329291	1.05826181363594
TCGA.VD.A8K8.01A.11R.A405.07	0	0	0.0330747552786172	0.466237737141768	0	0.0540606981765799	0.0088437818693402	0.0532779300870034	0.0164602203587747	0.0345535124824944	0	0.124944921750082	0	0.00399610109726798	0.0210273210136953	0.0829398094261843	0.01350237562683	0	0.0846427515930589	0	0	0.00243808409830385	0.02	0.109382810222311	1.10201009821484
TCGA.VD.A8KJ.01A.11R.A405.07	0	0.0189885361663689	0.0178345912842477	0.0558715091930929	0	0.086327520415137	0	0.0059477677315436	0.00420765336306674	0	0.0215922984576156	0	0.0210537855042264	0.240308275136775	0	0.272581788281994	0.00904531602375919	0	0.238167949710386	0	0.00807300873178672	0	0	0.14114916765925	1.03984740967978
TCGA.V4.A9F0.01A.11R.A405.07	0	0	0.0758186432993086	0.173452679242849	0	0.0938314115489046	0.0132683095486506	0	0.00500936373982148	0	0	0.00100403441890523	0	0.10079395714556	0.0220709367249748	0.455124418438952	0.0362805862281933	0	0.0233456596638804	0	0	0	0	0.153606679058859	1.03276103607579
TCGA.VD.AA8Q.01A.11R.A405.07	0	0.0140535286393997	0.00617393289669136	0.0992659817428869	0	0.196113541296284	0	0.00382002742190226	0.0159222682104723	0	0	0.0707421342239914	0.0374127065753463	0.175165667035105	0.00363756599162664	0.245610168568715	0.00227390397596018	0	0.129808573421619	0	0	0	0	0.148953886606298	1.02744236151406
TCGA.VD.A8KN.01A.11R.A405.07	0	0.000117873430241743	0.0840395768748958	0.297625361096089	0	0.0561434471868842	0.0336834598862853	0.0233494185221326	0.0145162333446042	0	0	0.0275853074946786	0.00645179465076104	0.0417458818595021	0.052481492939469	0.327982146818757	0.004711514601998	0	0.029566491293702	0	0	0	0.02	0.117269065079624	1.04273310733052
TCGA.V4.A9EF.01A.21R.A405.07	0.00730245709598498	0	8.54045549952426e-05	0.101140474653702	0	0.0749337666312916	0	0.0276644368875007	0.0232959310545598	0	0	0.0201993009428106	0.062415533550053	0.11393849569205	0	0.39154168123559	0.00102316295988162	0	0.15045111710306	0	0.0260082376385203	0	0.1	0.0781606507929453	1.05909830068453
TCGA.VD.A8KL.01A.11R.A405.07	0	0.00613130799340827	0.0837202449122163	0.0661840854587654	0	0.118365446575719	0	0.0297117124067119	0.00613046037674794	0.0583216712233683	0	0.0464066630743449	0.00183569905673937	0.155431590714963	0.0243955223614882	0.224901792379992	0	0	0.178463803465535	0	0	0	0.26	0.0521345104840296	1.05995608419656
TCGA.VD.A8KM.01A.11R.A405.07	0.0160992921090008	0.0660617492179535	0.0553979903148723	0.349828761129305	0	0.0633149065846585	0	0.0198355697087169	0.036100366018197	0	0	0.0491981764870897	0	0.125375014048948	0.0357282178762077	0.144223476119045	0.0113044506331818	0	0.0275320297528241	0	0	0	0	0.243422926541676	0.994614216121759
TCGA.WC.A883.01A.12R.A405.07	0	0.00752660472611259	0.00449213360764079	0.0177199731895048	0	0	0.00324271087593488	0.0176226961616789	0.0288324743531199	0.0109094115468158	0.0448250329306952	0	0	0.718295041091675	0	0.106184571212972	0	0	0	0.04034935030385	0	0	0	0.129971074365851	1.15225304112131
TCGA.V4.A9F5.01A.11R.A405.07	0	0.0137589494209892	0.0299570730752781	0.00900773980340356	0	0	0	0.0122444283499125	0.0079709125904701	0.0343514251030003	0	0.0353447964168526	0.0474826824051873	0.42808011735305	0.0249666017873377	0.264200799289732	0.00135244382763896	0	0.0912820305771478	0	0	0	0	0.145977168520947	1.07014789361295
TCGA.V4.A9F3.01A.11R.A405.07	0.0234847250271642	0	0.0253196078639874	0.542450679442228	0	0.00255325226905313	0.0574927756454249	0.0554669276792963	0.0260764498752295	0	0	0.0237645230235146	0.0156599155103211	0.0386868151400291	0.0611352135062782	0.0857166124027674	0.00834325245640312	0	0.0338492501583026	0	0	0	0	0.148079823932662	1.06480197484571
TCGA.RZ.AB0B.01A.11R.A405.07	0	0	0.0132972471675718	0.318585464080637	0	0.0577389433071632	0.0645964227898671	0.0587030299498268	0.000322526701641174	0	0	0.0362089830389264	0.00815074675200691	0.0270740579694841	0.0635995863767672	0.214642203201094	0.0904377517406169	0	0.0466430369243974	0	0	0	0.84	-0.0166079953817556	1.09791200194232
TCGA.V4.A9EV.01A.11R.A405.07	0	0	0.0189445139291143	0.469323202764868	0	0.0435361702722035	0.0228248186607447	0.0279500444209092	0.0644061105384134	0.00490285118052072	0	0.0592510992198248	0.00687662375988232	0	0.0785174367746557	0.11363263185165	0.0268150598136117	0	0.0630194368136013	0	0	0	0	0.311478437186513	0.976273852172323
TCGA.VD.A8KF.01A.11R.A405.07	0	0.000888958408261017	0.104776426296969	0.0440801722697389	0	0.18570324532689	0	0.0096004720688892	0.00888563334499617	0	0	0.0660485317046974	0.00475269949758561	0.00275366337872978	0.00480938288526329	0.342654169216936	0	0.00277356862498158	0.216655043619178	0	0.00561803335688355	0	0.48	0.00741374129064648	1.07859810243052
TCGA.V4.A9ED.01A.11R.A405.07	0.00399622960626351	0	0.00183569694348349	0.284254878586341	0	0	0	0.00403994080464878	0.031086506230029	0	0	0.060219788209256	0.0612431154625256	0.00458719892190959	0.0227617128695678	0.361914603590604	0.0016784414369323	0	0.162381887338439	0	0	0	0.24	0.0572067198788238	1.0659209752664
TCGA.VD.A8KG.01A.11R.A405.07	0	0.0100218217906135	0.0939630014032106	0.177818152906762	0	0.0363726324962422	0	0	0.00446540068424336	0.00439786202641412	0	0.0545426276632322	0.128360628574781	0.0796983624422897	0.0138638317548732	0.215495244790463	0	0	0.181000433466875	0	0	0	0.32	0.029695993965744	1.0645468134202
TCGA.V4.A9EZ.01A.11R.A405.07	0.0199025006378832	0	0.00564955452242942	0.036665762064093	0	0.0610045613368086	0	0.00174691732551822	0.0401016998932292	0	0	0.0585115235983796	0.0295883955553358	0.343786896104708	0.0246750052267095	0.147853480828247	0	0	0.230513702906658	0	0	0	0.0600000000000001	0.0907920516478077	1.06798098258361
TCGA.VD.AA8M.01A.11R.A405.07	0.00689029585132585	0	0.182627710332727	0.0307781392417658	0	0.0921459754008137	0	0.0177596730804644	0.00972227557612163	0.0317126797444741	0	0.00716983816864661	0.00758583722365658	0.172845189124005	0.0202754516769887	0.203008422645228	0	0	0.205048319949183	0	0.0124301919845997	0	0	0.135916476582273	1.03684294519243
TCGA.WC.A880.01A.11R.A405.07	0.012034178598617	0	0	0.171021402303295	0	0.100815836460854	0	0	0	0	0	0.0300677668147547	0.0945290287630023	0	0.0008528292321467	0.466319236558391	0.0706839877941455	0	0.0536757334747942	0	0	0	0.52	0.00472177859771057	1.09283879078654
TCGA.WC.A88A.01A.11R.A405.07	0.0220336264026757	0	0.0608278181520051	0.163729553735088	0	0.0822388952398982	0.0142124958459792	0	0.00067572396290379	0	0.0138183528279566	0.00687835923130061	0	0.245140683314054	0.0427794493251206	0.31107219562536	0	0	0.0365928463376582	0	0	0	0	0.181643781360708	1.02141072008665
TCGA.V4.A9E8.01A.11R.A405.07	0	0.023766153136549	0.077298325915529	0.156233128299814	0	0	0.0244393974205656	0.00526413366938227	0.044483297966341	0	0.00927349886634408	0	0	0.297488650568143	0.00400884329731559	0.309281494771932	0.0108167812738521	0	0.0376462948142316	0	0	0	0	0.278307305102764	0.981766166395206
TCGA.VD.AA8R.01A.11R.A405.07	0.132157758043206	0	0.105793427014436	0	0	0.217314941495435	0	0.0177352872544509	0	0.00848528275682212	0	0.0366439729584239	0.0245133503880055	0	0.00957435771916305	0.372885695689377	0	0	0.07189861260997	0	0.00299731407071082	0	0.46	0.00994445988329582	1.0832500032172
TCGA.V4.A9EQ.01A.11R.A405.07	0	0	0.00252586262953686	0.120588602039075	0	0.0466349637434519	0	0.0147106816131756	0.0271286070235222	0	0	0.0319245955935406	0.011368375380695	0.0756149093360358	0.0148430111120413	0.581418813288357	0.00445180841358874	0	0.0687897698269796	0	0	0	0.08	0.0815903869246477	1.07862870861391
TCGA.V4.A9EM.01A.11R.A405.07	0.00241526698603508	0	0.0127917712961681	0.0358683776292107	0	0.169152288195113	0	0.00121185881365462	0.0582837257093455	0	0	0.00286738152241255	0.0225107991574379	0.205883459994826	0.0174148873963525	0.230156916436869	0.00125687266767866	0	0.229972166950394	0	0.0102142272445026	0	0.14	0.0690991670209015	1.06236607605568
TCGA.VD.A8K9.01A.11R.A405.07	0	0.0065644165319995	0.0193902013600192	0.00609460719293467	0	0.21287095145624	0	0.0615585478596147	0	0	0	0.0241173791722929	0.113789226580588	0.0412302011990059	0.0575431172965069	0.347687053696772	0	0.0553239690181844	0.0402635681501879	0	0	0.0135667604856541	0.32	0.0292227565769985	1.07119046820312
TCGA.V3.A9ZY.01A.11R.A405.07	0.00106481998902925	0.00407774036107644	0.0313412821956773	0.0969770968500329	0	0.128728224100847	0	0.00301406289312847	0.0194686270260831	0.000447598777015354	0	0.00368033577690546	0.0390223155440095	0.043776262662935	0.000575783132734181	0.325374469882299	0.0135856703005527	0	0.288865710507674	0	0	0	0.26	0.0470857064462811	1.06893549710503
TCGA.V4.A9F4.01A.11R.A405.07	0.0417866471289177	0	0.0129535114789609	0.0780001375580533	0	0.0995348120205509	0	0.00310905586559996	0.00100805309882395	0.0422985358015704	0	0.0207024738229547	0.0127052149220081	0.0799559177763648	0.0287317626477381	0.48212997537295	0.0156417980498308	0	0.081442104455676	0	0	0	0.24	0.0570055759313002	1.07226923035313
TCGA.V4.A9EU.01A.11R.A405.07	0	0	0.00156987289427041	0.110665310116847	0	0.111278191302803	0.00344828550300335	0.0126769270376295	0.0035645004043973	0	0	0.0281072255123539	0	0.148294952056301	0.0334244018947017	0.505359655023071	0.0021563086902876	0	0.0394543695643337	0	0	0	0.08	0.0854264101555653	1.07640328977783
